2.18923
2.18923
3.17071
3.82398
4.99519
4.99519
5.28551
6.52111
6.91212
6.91212
6.93492
7.24893
7.24751
7.8851
8.14752
8.14752
8.10442
8.10442
8.34975
8.34975
9.87274
10.8732
10.8732
10.8732
10.911
12.0777
12.0777
12.4092
10.8921
9.36398
11.1256
11.1256
11.1256
11.1256
11.1256
12.1187
12.1187
12.1187
13.0231
12.5526
10.8366
9.27535
9.27535
12.1454
12.1454
12.7744
12.7744
12.7744
12.7744
12.7744
12.7744
12.7744
12.7744
10.076
11.5185
11.5185
11.5185
11.3197
8.84093
8.64571
9.07226
9.11624
9.11624
8.66399
7.45109
9.20012
9.20012
9.20012
10.2679
10.2362
10.234
9.18346
8.9986
8.9986
9.36721
8.93476
8.93476
8.93476
9.6469
6.94895
6.52854
6.52854
6.52854
6.52854
6.52854
6.52854
6.52854
6.52854
6.52854
6.11438
5.63734
5.63734
5.63734
6.95959
8.37828
8.37828
8.37828
7.32009
8.75149
8.56351
8.56351
8.56351
8.56351
8.79128
8.19178
6.12996
6.12996
6.12996
7.38275
7.38275
5.32892
5.32892
5.23697
5.23697
4.28591
4.28591
4.28591
5.26782
5.26782
5.05946
3.80307
3.80307
5.89178
5.89178
5.89178
4.75657
4.80407
4.80407
3.73362
3.73362
5.93601
5.93601
5.93601
5.93601
5.99103
4.38338
4.38338
5.53948
5.53948
5.52373
5.52373
5.52373
4.83362
4.83362
4.83362
4.83362
4.83362
4.83307
4.61725
4.70037
5.5106
4.18125
4.4398
5.53181
4.55263
4.55263
4.55263
4.55263
6.23635
6.23635
6.23635
6.23635
6.4545
6.4545
5.41212
5.41212
5.41212
5.41212
5.41212
5.41212
5.41212
5.41212
5.41212
5.41212
4.42619
4.42619
4.66966
4.66966
4.9701
4.9701
4.9701
4.22805
4.22805
4.98966
4.98966
4.98966
4.80034
4.79812
4.60064
4.60064
4.81339
4.81339
4.81339
4.02108
4.02108
2.74583
5.41245
4.61135
4.61135
4.61135
4.61135
5.32515
6.2634
6.2634
6.2634
6.2634
4.48021
4.02938
4.02938
4.02938
4.50998
4.50998
3.52851
3.51686
3.51686
3.51686
3.51686
3.615
3.615
3.615
3.615
4.36723
4.36723
4.36723
4.36723
4.36723
4.36723
4.36723
4.36723
4.36723
5.5912
5.5912
3.37743
3.37743
3.88597
5.02003
4.93928
3.81134
4.39664
4.39664
4.39664
4.39664
3.79925
4.55829
4.55829
4.55829
4.55829
4.55829
4.55829
4.55829
4.55829
5.33356
5.33356
4.62955
4.31854
4.31854
4.31854
4.31854
4.31854
4.14063
4.14063
4.14063
4.14063
4.40011
4.40011
4.40011
3.61474
5.14848
5.14848
5.14848
5.14848
5.14848
3.89379
3.89379
3.89379
3.89379
3.80966
3.90321
3.90321
3.90321
3.90321
4.73221
4.73221
4.73221
4.73221
4.73221
4.73221
4.73221
4.73221
4.73221
4.53534
4.53534
5.60576
5.60576
3.7752
2.82796
3.79031
3.79031
2.20624
3.14191
4.80996
4.42007
4.42007
4.42007
4.42007
4.42007
3.22206
3.22206
3.47235
3.81185
3.81185
3.81185
4.18999
5.22186
5.22186
5.22186
5.22186
4.52006
2.65896
2.65896
2.65896
2.10095
2.10095
3.91677
4.07133
4.05462
4.05462
4.05462
4.08147
4.08147
4.55357
3.03873
3.03873
3.03873
3.67873
3.67873
3.67873
3.67873
3.67873
3.67873
3.67873
3.58606
3.58606
3.58606
1.36271
2.11952
1.03339
0.989849
0.989849
0.989849
0.989849
0.989849
1.08574
1.08574
0.868256
1.03103
0.933463
0.933463
0.933463
0.933463
0.901641
0.901641
0.819976
0.819976
0.819976
0.809783
0.809783
0.778641
0.778641
1.20543
1.20543
1.20543
1.20395
1.79575
1.59946
1.59946
1.59946
2.01377
2.01377
2.01377
2.01377
1.06728
1.06728
1.06728
0.669976
0.669976
0.669976
0.669976
0.669976
0.815637
0.815637
0.815637
0.815637
0.495875
0.495875
0.495875
0.495875
0.672963
0.672963
0.760913
0.760913
0.760913
0.659045
0.659045
1.17501
1.17501
1.17501
1.17501
0.65833
0.65833
0.65833
0.65833
0.726122
0.726122
0.726122
0.726122
1.13786
1.13786
1.13786
1.13786
1.13786
1.13786
1.13786
1.13786
1.13786
0.77291
0.77291
0.77291
0.77291
0.77291
0.894321
0.894321
0.864976
0.88622
0.88622
1.1382
1.32989
1.32989
1.34316
1.34316
1.34316
1.00194
1.00194
1.00194
1.00194
1.00194
1.00194
1.00194
1.00194
1.00194
0.589432
0.589432
1.0201
1.14534
1.14534
1.21645
0.644173
0.644173
0.644173
0.644173
0.644173
0.644173
0.586059
0.586059
0.586059
0.586059
0.404097
0.404097
0.919466
0.919466
0.919466
0.45483
0.45483
0.817761
0.817761
0.859774
0.859774
1.52899
1.52899
1.52899
1.3584
1.06522
1.13858
0.40354
0.40354
0.987553
0.987553
0.987553
0.987553
0.987553
0.987553
0.68273
0.68273
0.68273
0.68273
0.68273
0.575411
0.575411
0.575411
0.575411
0.575411
0.575411
0.575411
0.529083
0.529083
0.720193
0.720193
0.720193
0.720193
0.720193
0.720193
0.720193
0.628956
0.628956
0.628956
0.628956
0.628956
1.01962
1.01962
1.01962
1.15801
1.25615
1.25615
1.25615
1.25615
1.25615
1.25615
1.25615
1.25615
1.25615
1.25615
0.846335
0.846335
0.565688
0.565688
1.20804
1.20804
1.20804
1.20804
1.20804
1.20804
1.20804
1.20804
1.85522
1.85522
1.85522
1.85522
0.639758
0.639758
0.639758
0.639758
0.639758
0.848168
0.848168
0.848168
0.848168
0.539206
1.62447
1.62447
1.68042
1.14824
0.675162
0.675162
0.675162
0.675162
0.675162
0.675162
0.675162
0.675162
0.675162
0.800284
0.711502
0.711502
0.711502
0.711502
0.711502
0.846483
0.476644
1.13554
1.04634
0.632561
0.76526
0.76526
0.768147
0.768147
0.768147
0.768147
0.768147
0.768147
0.768147
0.768147
1.07701
1.07701
1.06978
1.06978
1.00879
1.00879
1.00879
1.00879
0.77081
0.77081
0.77081
0.933751
0.933751
0.933751
0.933751
0.933751
0.933751
0.933751
0.933751
0.933751
0.933751
0.933751
0.933751
0.933751
0.933751
0.388043
0.807064
0.807064
0.807064
0.942645
0.942645
0.942645
0.942645
0.656884
0.656884
0.980177
0.726517
0.639632
0.639632
0.592226
0.649567
0.649567
0.649567
0.649567
0.649567
0.649567
0.649567
0.915456
1.02765
1.02765
0.73085
0.705016
0.705016
0.705016
0.705016
0.714718
0.714718
0.523728
0.523728
0.523728
0.523728
0.523728
0.523728
0.523728
0.523728
0.658605
0.658605
0.845936
0.845936
0.522368
0.709549
0.709549
0.709549
0.4374
0.911008
0.911008
0.911008
1.22241
0.77371
0.77371
0.726756
0.778466
0.604586
0.604586
0.464701
0.464701
1.35015
1.35015
0.853288
0.853288
0.554934
0.554934
0.554934
0.554934
0.554934
0.630945
0.781576
0.704043
0.704043
0.704043
0.704043
0.621595
0.701535
0.701535
0.701535
0.701535
0.701535
0.701535
0.900034
1.10218
1.10218
0.532688
0.532688
0.634341
0.862314
0.694413
0.694413
0.694413
1.00563
1.00563
1.00563
1.00563
1.00563
1.00563
1.40599
1.40599
1.40599
1.40599
0.445321
0.88522
0.88522
0.931447
0.594199
0.816801
0.773701
0.773701
0.773701
0.476814
0.476814
1.13038
1.13038
1.31638
0.747057
0.747057
0.747057
0.747057
0.747057
0.747057
0.747057
0.989129
0.989129
0.989129
0.933979
0.933979
1.03977
0.696187
0.77285
0.45804
0.421236
0.500356
0.897331
1.10017
0.850836
0.813259
0.813259
0.813259
0.469893
0.367196
0.547121
0.547121
0.957713
0.957713
0.957713
0.957713
0.468257
0.468257
0.537284
0.537284
0.581435
1.02467
1.02467
1.02467
1.2776
0.712652
0.712652
0.654896
0.663993
0.46203
0.46203
0.46203
0.46203
0.46203
0.796374
0.796374
0.796374
0.796374
0.796374
0.950895
0.950895
0.950895
1.0217
0.648234
0.520015
0.520015
0.43896
0.700101
0.700101
0.700101
0.747936
0.747936
0.753799
0.751676
0.751676
0.751676
1.21135
1.00827
1.00827
1.00827
1.03193
1.03193
1.03193
0.935729
0.485641
0.485641
0.485641
0.485641
0.485641
0.917543
0.917543
0.917543
0.917543
0.917543
0.917543
0.917543
1.16827
1.16827
1.16827
1.16827
0.862059
0.985412
0.445986
0.445986
0.445986
0.445986
0.533407
0.449568
0.603981
0.603981
0.603981
0.814873
0.645813
0.645813
0.645813
0.645813
0.645813
0.645813
1.09046
0.972063
0.972063
0.972063
0.972063
0.311496
1.24651
1.24651
1.21427
0.813349
0.891543
0.891543
0.789743
0.789743
0.789743
0.518316
1.273
0.961965
0.961965
0.961965
0.961965
0.961965
0.961965
0.787866
0.636542
0.636542
0.636542
0.636542
0.636542
0.501423
0.649668
0.649668
0.649668
0.580311
1.14458
1.14458
1.14458
1.14458
0.809895
0.809895
0.440474
0.617283
0.617283
0.617283
0.617283
0.514994
0.514994
0.67126
0.52643
0.416425
0.416425
0.942746
0.877278
0.877278
0.503996
0.503996
0.503996
1.06408
1.06408
0.621258
0.503305
0.407569
0.407569
0.838667
0.603287
0.603287
0.603287
1.03619
0.618145
0.618145
0.618145
0.931733
0.167005
0.167005
0.345103
0.345103
0.29837
0.29837
0.29837
0.354713
1.00419
1.37306
0.349965
0.526091
0.526091
0.710315
0.710315
0.710315
0.343098
0.343098
0.343098
0.343098
0.738319
0.738319
0.738319
0.738319
0.738319
0.738319
0.738319
0.738319
0.679114
0.637213
1.05574
1.05574
1.05574
0.593257
0.593257
0.593257
0.52899
0.52899
0.52899
0.625861
0.625861
0.625861
0.28182
0.28182
0.28182
0.46164
0.544118
0.544118
0.669932
0.669932
0.669932
0.669932
0.560775
0.560775
0.623409
0.623409
0.456439
0.456439
0.612869
1.14436
0.833763
0.833763
0.533001
0.487672
0.77539
0.77539
0.77539
1.32482
0.504939
1.29616
1.29616
1.29616
1.29616
1.29616
1.24793
1.24793
1.24793
1.24793
0.47613
1.00804
0.383851
0.383851
1.22222
0.636481
1.25945
1.07506
1.07506
1.07506
1.07506
1.07506
1.07506
0.994565
0.418528
0.418528
0.413283
0.413283
0.413822
0.576306
0.576306
0.576306
0.576306
1.09761
1.09761
1.09761
1.09761
0.708936
0.708936
0.708936
0.708936
0.708936
0.708936
0.708936
0.708936
0.708936
0.708936
0.708936
0.288803
0.288803
0.288803
0.288803
0.288803
0.933357
0.933357
0.933357
0.319098
1.22327
1.22327
1.22327
1.22327
1.21432
0.49289
0.805008
1.20227
1.20227
1.20227
1.20227
1.20227
1.20227
0.644386
0.644386
0.644386
0.152849
0.152849
0.152849
0.152849
0.255088
0.255088
0.616481
0.616481
0.585869
0.585869
0.585869
0.674115
0.674115
0.307896
0.307896
0.279824
0.671851
0.671851
0.671851
0.537735
1.33388
1.01411
0.663462
0.663462
0.663462
0.75494
0.43507
0.502966
0.502966
0.777072
0.849329
0.849329
0.47124
0.47124
0.47124
0.565239
0.565239
0.947802
0.947802
0.947802
0.447395
0.538147
1.02623
0.841744
1.27402
1.2568
1.2568
1.47192
1.46697
0.524744
0.524744
0.524744
0.972559
0.499237
0.952327
0.674587
0.674587
0.674587
0.674104
0.902417
0.902417
0.902417
0.902417
0.902417
0.902417
0.902417
0.891014
0.891014
0.891014
0.891014
0.891014
0.532922
0.532922
0.532922
0.532922
0.643303
0.643303
0.732834
0.938934
0.938934
0.938934
0.58411
0.58411
0.302845
0.982515
0.275496
0.386525
0.386525
0.386525
0.309245
0.309245
0.42828
0.61142
0.61142
0.61142
0.820294
0.820294
0.820294
0.820294
0.836493
0.836493
0.836493
0.623043
0.623043
0.623043
0.623043
0.623043
0.623043
1.20065
0.60073
0.60073
0.60073
0.60073
0.60073
0.733463
0.733463
0.733463
0.733463
0.733463
0.820221
0.632188
0.415355
0.72936
0.72936
0.508976
0.508976
0.508976
0.508976
0.508976
0.508976
0.508976
0.508976
0.494699
0.494699
0.494699
0.494699
0.494699
0.494699
0.461199
0.371148
0.371148
0.939734
0.939734
0.846078
0.88153
0.88153
0.88153
0.88153
0.636658
0.636658
0.636658
0.784971
0.816001
0.380627
0.547452
0.547452
0.547452
0.547452
0.547452
0.547452
0.547452
0.547452
0.547452
0.547452
0.523994
0.523994
0.523994
0.523994
0.591266
0.591266
0.591266
0.80561
0.80561
0.80561
0.741561
0.741561
0.741561
0.662596
0.662596
0.901963
0.632151
0.58598
0.58598
0.960453
0.960453
0.960453
0.960453
0.960453
1.01125
1.01125
1.01125
0.942541
0.942541
1.14249
1.08288
1.08288
1.08288
1.08288
1.17452
1.17452
1.17452
0.687074
0.82713
0.560506
0.869281
0.698894
0.891879
1.05214
1.05214
1.05214
0.711877
0.711877
0.756756
0.756756
0.855203
0.694726
0.516315
0.283508
0.283508
0.283508
0.283508
0.283508
0.738971
0.585535
1.29057
1.29057
0.598214
0.41735
0.41735
0.41735
0.41735
0.41735
0.560713
0.560713
0.560713
0.560713
0.560713
0.579705
0.579705
0.699363
0.699363
0.699363
0.699363
0.66831
0.530742
0.717522
0.609813
1.00956
0.860275
0.860275
0.860275
0.84758
0.559916
0.559916
0.522235
0.781237
0.522316
0.522316
0.522316
0.522316
0.522316
0.522316
0.719436
0.719436
0.719436
0.719436
0.687677
0.534251
0.534251
0.241766
0.288769
0.288769
0.771837
0.771837
0.303157
0.303157
0.303157
0.614426
0.614426
0.541247
0.541247
0.541247
0.770667
0.770667
0.770667
0.770667
0.770667
0.770667
0.770667
0.770667
0.770667
0.770667
0.377074
0.377074
0.609463
1.06999
1.06999
1.06999
1.06999
1.06999
1.06999
1.06999
0.684505
0.684505
0.684505
0.684505
1.13702
0.457272
0.457272
0.457272
0.457272
1.06757
1.06757
0.847257
0.847257
0.847257
0.847257
0.847257
0.847257
0.847257
0.847257
0.847257
0.847257
0.847257
0.551386
0.551386
0.514146
0.514146
0.514146
0.710535
0.422413
0.422413
0.422413
0.320314
0.320314
0.728855
0.739635
0.739635
0.739635
0.739635
0.726404
0.733645
0.471715
1.34364
1.34364
1.34364
1.34364
0.956124
1.47086
1.47086
1.61342
1.61342
1.61342
0.916729
0.916729
0.803075
0.803075
0.803075
1.43687
0.814845
0.814845
0.926542
0.870172
0.870172
0.86295
0.86295
0.86295
0.882392
0.882392
0.423684
0.423684
0.251574
0.260753
0.260753
0.31427
0.31427
0.31427
0.983058
0.983058
0.983058
0.983058
0.983058
0.983058
0.983058
0.983058
0.775078
0.485609
0.485609
0.914366
0.914366
0.930805
0.930805
0.636998
0.636998
0.636998
0.636998
0.636998
0.636998
0.636998
0.636998
0.636998
0.636998
0.636998
0.499402
0.561306
0.561306
0.561306
0.561306
0.561306
0.561306
0.561306
0.559466
0.559466
0.559466
0.368338
0.443138
0.773882
1.22184
1.22184
0.799259
0.799259
0.814461
0.814461
0.814461
1.47823
1.77138
1.83939
1.83939
1.83939
1.55178
1.78089
1.78089
1.46003
1.46003
0.958322
0.627173
0.627173
0.746648
0.746648
0.766361
0.976616
0.976616
0.878571
0.878571
0.787232
0.47188
0.47188
0.47188
0.54392
0.535715
0.535715
1.239
1.239
0.933813
0.933813
0.933813
0.941307
0.941307
0.704066
0.688238
0.688238
0.688238
0.688238
1.04885
1.04885
1.40688
1.42209
0.449799
0.569215
0.569215
0.569215
0.566497
0.566497
0.566497
0.523889
0.523889
0.523889
0.523889
0.779034
0.779034
1.0563
1.0563
1.0563
1.0563
1.0563
1.0563
1.0563
0.398503
0.46835
0.46835
1.02802
1.18999
1.18999
1.06848
1.06848
0.61619
0.61619
0.61619
0.540146
0.739427
0.739427
0.451434
0.451434
0.392828
0.658521
0.652049
0.652049
1.16376
1.87221
1.45072
1.45072
0.59922
0.59922
0.881404
0.626104
0.39747
0.39747
0.369463
1.12542
1.12542
1.12542
1.12542
1.12542
1.35212
1.35212
1.35212
1.35212
0.911918
0.911918
0.715203
0.715203
0.715203
0.715203
0.974858
0.672142
0.672142
0.672142
0.672142
0.602876
0.724258
0.724258
0.724258
0.724258
0.484573
0.484573
0.484573
0.484573
0.937588
0.937588
0.937588
0.390135
0.390135
0.477846
0.477846
0.710478
0.380653
0.380653
0.380653
0.380653
0.380653
0.380653
0.380653
0.380653
0.380653
0.354897
0.370221
0.945851
0.945851
0.945851
0.766859
0.299949
0.586502
0.528994
0.528994
0.528994
0.528994
0.528994
0.528994
0.726399
0.726399
0.761731
0.761731
0.761731
0.397138
0.590343
0.590343
0.399001
0.399001
0.399001
0.58259
0.509211
0.666523
0.666523
0.666523
0.666523
0.666523
0.666523
1.05664
1.3968
1.3968
0.946204
1.31475
1.31475
1.31475
1.18551
1.18551
1.18551
0.900944
0.900944
0.900944
0.441618
0.441618
0.708952
0.374475
0.374475
0.374475
0.374475
0.519355
0.80621
0.80621
0.80621
0.999733
0.609217
0.609217
0.66377
0.66377
0.66377
0.701711
0.701711
0.701711
0.701711
0.701711
0.701711
0.701711
0.701711
0.993812
1.61598
1.61598
1.61598
1.01742
0.666083
0.557783
0.90053
0.805625
0.576619
0.958784
0.958784
0.958784
1.3327
1.3327
0.984195
0.696059
1.00737
0.854548
0.854548
1.05798
1.12775
0.450895
0.450895
0.735808
0.735808
0.735808
0.628636
0.628636
0.428268
0.717569
0.740435
1.04747
1.04747
0.724293
0.724293
1.13144
0.767778
0.767778
0.273347
0.744196
0.744196
0.744196
0.744196
0.744196
0.775409
0.775409
0.775409
1.00358
1.00358
0.444021
0.444021
0.524663
0.592794
0.8845
0.8845
0.8845
0.8845
0.8845
1.10264
1.10264
1.10264
1.10264
0.542811
1.12948
1.12948
0.809307
0.809307
0.809307
1.07557
1.07557
1.07649
0.820126
0.738457
0.946771
0.658536
0.658536
0.658536
0.658536
0.806238
0.806238
0.806238
0.713109
0.874682
0.874682
0.696856
0.696856
0.696856
0.594425
0.594425
0.594425
0.594425
0.525147
0.525147
0.461591
0.461591
0.461591
0.461591
0.461591
0.448933
0.89314
0.89314
0.89314
0.89314
0.89314
0.89314
0.805735
0.805735
0.805735
0.805735
0.805735
0.805735
0.805735
0.805735
0.805735
0.805735
0.805735
0.819936
0.819936
0.819936
0.819936
0.819936
0.819936
0.819936
0.819936
0.907537
0.907537
0.907537
0.804971
0.804971
0.804971
0.526315
0.526315
0.526315
0.526315
0.415711
0.740357
0.740357
1.05631
1.05631
0.868517
0.868517
0.868517
0.868517
0.730612
0.730612
0.730612
0.704121
0.72337
0.997093
0.474544
0.474544
0.867738
0.867738
0.867738
0.851204
0.851204
0.851204
0.868297
0.868297
0.590924
0.590924
0.590924
0.983359
0.544662
0.544662
0.688841
0.813833
0.886023
0.886023
0.496132
0.452784
0.352614
0.352614
0.352614
0.6741
0.6741
0.6741
0.403656
0.403656
0.403656
0.906877
1.5854
1.28088
1.28088
1.14358
1.14358
0.496882
0.579025
0.579025
0.766182
0.533881
0.533881
0.784204
0.784204
1.24309
1.3971
1.43471
1.43471
1.29526
1.52757
1.57925
1.45153
1.45153
1.45153
1.56765
1.56765
0.250013
1.43889
1.43889
1.43889
1.43889
0.794599
0.794599
0.794599
0.794599
0.794599
0.794599
1.00013
1.00013
1.00013
1.1313
1.1313
1.1313
0.648142
0.648142
0.528679
0.528679
0.528679
0.554795
0.554795
0.554795
0.862071
0.862071
1.12276
1.12276
0.725519
0.725519
0.725519
0.382424
0.876849
0.876849
0.876849
0.613687
0.613687
0.673958
0.499309
0.499309
0.763906
0.763906
0.761634
0.761634
0.761634
0.761634
0.761634
0.447852
0.638446
0.638446
0.638446
1.05832
1.05832
1.05832
1.05832
1.05832
0.843094
0.843094
0.843094
0.843094
0.843094
1.18826
1.00231
1.00231
0.379709
0.379709
0.590496
0.590496
0.590496
0.590496
0.590496
0.690866
0.690866
0.690866
0.690866
0.690866
0.788111
0.788111
0.497984
0.497984
0.36115
0.950794
0.950794
0.858616
0.858616
0.595051
0.634203
0.337198
0.337198
0.337198
0.731892
0.627468
0.627468
0.627468
0.500818
1.18572
0.877408
0.877408
0.67081
0.559441
0.559441
0.559441
0.594252
0.594252
0.594252
0.922585
0.472998
0.518251
0.518251
0.518251
0.37191
0.585071
0.756178
0.756178
0.756178
0.548375
0.548375
0.706182
0.706182
0.873782
0.873782
1.01075
0.991273
0.991273
0.991273
0.991273
0.991273
0.750029
0.750029
0.750029
0.738567
0.738567
0.738567
0.503082
0.503082
0.503082
0.503082
0.918608
0.918608
0.559905
0.559905
0.61924
0.847124
0.847124
0.906912
0.906912
0.91815
0.91815
0.995527
1.01906
1.01906
1.16155
1.40037
1.33849
1.33849
1.33849
1.33849
1.33849
1.33849
1.33849
1.33849
1.02551
1.02551
1.32349
1.32349
1.32349
1.32349
0.297914
1.05043
1.05043
1.05043
1.05043
1.05043
0.568611
0.568611
0.568611
0.430908
1.00771
0.829154
0.829154
0.637741
0.360783
0.530594
0.74881
0.807868
0.885006
0.885006
0.885006
0.87881
0.674692
0.512554
0.512554
0.544084
0.731748
0.731748
0.731748
0.731748
1.3082
1.23531
0.846488
0.846488
0.523721
0.523721
0.605656
0.605656
0.605656
0.502044
0.502044
0.502044
0.502044
0.94146
0.94146
0.585015
1.0269
1.0269
1.0269
1.0269
1.44027
1.44027
0.583324
0.545592
0.300593
0.931495
0.735806
0.735806
0.735806
0.735806
0.477865
0.477865
1.06729
1.08214
1.08214
1.08214
0.635249
0.635249
0.635249
0.635249
0.635249
0.668669
0.668669
0.668669
0.668669
0.668669
0.668669
0.668669
0.668669
0.668669
0.86371
0.86371
0.86371
0.86371
0.86371
0.86371
0.86371
0.922847
0.922847
0.922847
0.516306
0.516306
0.516306
0.516306
0.516306
0.516306
0.516306
0.516306
0.412423
0.412423
1.42975
1.42975
1.14082
1.14082
1.14082
0.287237
0.841005
0.9599
1.27365
1.27365
0.695779
0.695779
0.695779
0.695779
0.695779
0.695779
0.695779
0.695779
0.492515
0.443813
0.443813
0.443813
0.443813
0.443813
0.443813
0.299305
0.37084
0.37084
1.14353
1.14353
1.12037
0.550878
1.2661
1.2661
1.2661
1.2661
1.2661
1.0324
0.703214
0.703214
0.703214
0.708634
0.708634
0.708634
0.71633
0.366218
0.890527
0.563562
0.563562
0.563562
0.541907
0.541907
0.541907
1.61668
1.61668
1.61668
1.61668
1.61668
1.0663
1.0663
0.309349
0.309349
0.309349
0.394983
0.394983
0.499456
0.499456
0.499456
0.499456
0.499456
0.499456
0.747701
0.747701
0.747701
0.868008
1.4379
0.578007
0.8684
1.05317
1.05317
0.512068
0.512068
0.443498
0.863514
0.863514
0.863514
0.863514
0.514849
0.514849
0.74754
0.74754
0.74754
0.74754
0.74754
0.74754
0.719895
0.442092
0.442092
0.752117
0.752117
0.865619
0.563671
0.563671
0.563671
0.563671
0.469198
1.25697
1.16767
0.897016
0.897016
0.897016
0.897016
0.897016
0.897016
0.758234
0.848905
0.848905
1.11316
1.11316
1.11316
0.729891
0.729891
0.729891
0.895916
0.895916
0.856271
0.659581
0.659581
0.686704
0.40725
1.80228
1.80228
1.80228
1.80228
0.998866
0.998866
0.74882
0.941795
0.777821
0.797346
1.18874
1.18874
1.18874
1.05347
1.05347
1.05347
0.875533
0.793375
0.793375
0.793375
0.793375
0.625762
0.945205
0.993751
0.993751
1.03491
0.837904
0.837904
0.837904
0.547695
0.547695
0.598335
0.598335
0.668894
0.873609
0.873609
0.873609
0.873609
0.68959
0.68959
0.875
1.11752
1.0143
0.95067
0.657255
0.57602
0.57602
1.20397
0.580034
0.580034
0.580034
0.580034
0.37853
0.37853
0.37853
0.79415
0.79415
0.79415
0.79415
0.79415
0.874749
0.874749
0.810947
0.810947
0.810947
0.810947
0.824694
0.824694
1.2539
1.2539
1.2539
1.2539
1.2539
1.2539
1.23446
1.23446
0.954124
0.954124
0.954124
0.94154
1.26822
1.26822
1.17969
0.217955
0.283281
0.62215
0.826812
0.530409
0.530409
0.530409
0.530409
0.757901
0.868037
0.868037
0.752315
0.752315
0.752315
0.752315
0.752315
0.559428
0.559428
0.299733
0.299733
0.299733
0.615321
0.615321
0.615321
0.558428
0.558428
0.558428
0.935866
1.33257
0.940057
0.940057
0.398707
0.781753
0.781753
0.781753
0.781753
0.945007
0.875056
0.875056
0.875056
0.875056
0.875056
0.622585
0.622585
0.622585
0.808624
0.808624
0.59561
0.473914
0.335449
0.335449
0.335449
0.810835
0.878427
0.878427
1.18543
1.17669
1.17669
1.07185
0.505215
1.08886
0.927307
0.474069
0.474069
0.474069
0.220658
0.515885
0.515885
0.515885
0.496582
0.496582
0.496582
0.496582
0.875615
0.849027
0.849027
0.849027
0.291692
0.291692
1.33058
1.35941
1.35941
0.650517
0.650517
0.650517
0.650517
0.796556
0.796556
0.796556
1.1994
1.1994
1.1994
1.1994
0.790704
0.654062
0.654062
0.654062
0.966792
0.966792
0.535117
0.535117
0.535117
0.42986
0.322671
0.502599
0.509039
0.509039
0.509039
0.509039
0.509039
0.401488
0.599857
0.599857
0.599857
0.599857
0.569265
0.569265
0.57138
0.623487
0.862082
0.862082
1.03718
0.481405
0.472949
0.472949
0.472949
0.226769
0.5032
0.651425
0.651425
0.905631
0.801518
0.801518
1.15989
1.15989
0.42116
0.42116
0.898714
0.463904
0.463904
0.562442
0.607382
0.607382
0.607382
0.607382
0.607382
0.607382
0.607382
0.607382
1.13864
1.13864
1.13864
1.47225
0.814722
0.814722
0.623093
0.667261
0.910911
0.910911
0.910911
0.910911
0.910911
0.910911
1.03517
0.503265
1.17784
1.17784
1.04927
0.42017
0.129273
0.951383
0.951383
0.951383
0.951383
1.13036
1.13036
1.13036
0.63868
0.836882
0.836882
0.836882
0.397975
0.397975
0.940911
0.882172
0.372681
0.372681
0.372681
0.372681
0.654662
0.495311
0.66543
0.66543
0.66543
0.66543
0.947052
0.978611
0.851954
0.851954
1.06578
1.06578
1.06578
1.06578
1.04754
0.333029
0.562854
0.580859
0.580859
0.580859
0.580859
0.544639
0.454324
0.454324
1.09706
1.09706
0.717248
0.628024
0.628024
0.628024
0.567814
0.567814
0.903812
0.692806
0.692806
0.553516
0.553516
0.553516
0.553516
0.553516
0.584428
0.584428
0.584428
0.518677
0.330607
0.330607
0.330607
1.27432
1.4214
1.03227
1.03227
0.618737
0.618737
0.618737
0.618737
0.618737
0.618737
0.618737
0.618737
1.22152
0.815828
0.364474
0.364474
0.364474
1.10564
1.10564
0.466623
0.521305
0.694624
0.694624
0.869799
1.0367
1.0367
1.0367
0.788562
1.08475
0.923046
0.923046
0.611362
0.611362
0.764961
0.764961
0.764961
0.764961
0.764961
0.764961
0.61078
1.86618
1.80247
1.76565
1.76565
1.70473
1.70473
1.29641
0.669012
0.669012
0.973591
1.34741
1.10278
1.31785
1.30834
1.42673
0.206065
1.19638
0.363185
0.363185
0.63935
0.63935
0.688673
0.293638
0.293638
0.587521
0.359227
0.493241
0.493241
1.11691
1.11691
0.334047
0.598603
0.598603
1.44466
1.44466
1.4125
1.4125
1.4125
1.20005
1.20005
1.20005
1.20005
1.20005
1.20005
0.839687
0.839687
0.323965
0.632145
0.632145
0.632145
0.381923
0.381923
0.381923
0.684152
0.684152
0.670049
0.670049
0.526442
0.526442
0.526442
0.526442
0.526442
0.642411
0.642411
0.642411
0.642411
0.536637
0.536637
0.479577
0.479577
0.479577
0.799958
1.07329
1.07329
1.07329
1.07329
1.07329
1.07329
1.07329
0.365729
0.69439
0.69439
0.69439
0.69439
0.939685
0.39419
0.61545
0.969576
1.51724
0.77989
0.77989
0.77989
0.79746
0.79746
0.79746
0.936337
1.11241
1.11241
1.11241
0.938062
0.938062
1.2367
1.2367
1.2367
1.2367
1.05218
1.05218
1.19486
0.679506
0.679506
0.679506
1.46052
1.68168
1.68168
0.208991
0.74104
0.279417
0.279417
0.279417
0.279417
0.804318
0.804318
0.804318
0.804318
0.804318
1.00774
1.16941
0.873145
0.873145
0.873145
0.873145
0.341122
0.341122
0.32235
0.32235
0.32235
0.32235
0.32235
1.0613
1.0613
1.32688
0.854653
0.854653
1.04424
1.04424
0.738956
0.738956
0.738956
1.36741
1.29861
1.12992
1.12992
1.12992
0.421822
1.0742
1.0742
0.740188
0.740188
0.740188
0.740188
0.740188
0.616985
0.616985
0.616985
0.616985
0.616985
0.426798
0.426798
0.426798
0.974811
0.427946
0.427946
0.427946
0.427946
0.427946
0.427946
1.11655
0.719315
0.719315
0.429364
0.98379
0.98379
0.98379
0.98379
0.243882
0.243882
0.316703
0.316703
0.316703
0.609831
0.609831
0.609831
0.936172
0.936172
0.415333
0.415333
0.415333
0.884969
0.717955
0.820875
0.820875
0.820875
1.03404
1.03404
0.962614
0.962614
0.962614
0.962614
0.962614
1.96989
1.13
0.955507
0.455011
0.843982
0.843982
0.843982
0.750828
0.750828
0.750828
0.375131
0.375131
0.938141
0.938141
0.938141
0.938141
0.938141
0.938141
0.938141
0.938141
0.938141
0.938141
0.938141
0.938141
0.938141
0.938141
0.938141
0.938141
0.948954
1.37193
1.37193
1.44825
1.129
1.129
1.27267
0.916664
0.670455
0.670455
0.670455
0.670455
1.00495
0.540298
0.540298
0.540298
0.530755
0.516938
0.516938
0.951199
0.412077
0.447146
0.9286
0.825925
0.825925
0.623681
1.06717
1.06717
1.06717
0.702651
0.702651
0.702651
0.702651
0.559293
0.559293
0.788557
0.979566
0.887139
0.954929
0.808942
0.881699
0.881699
0.881699
0.881699
0.881699
0.90961
0.902322
1.00505
1.00505
1.00505
1.00505
1.01254
1.01254
1.01254
1.01254
0.845408
0.845408
0.845408
0.845408
0.845408
0.845408
0.355099
0.755914
0.755914
0.796622
0.796622
0.376264
0.376264
0.376264
0.376264
0.376264
0.79816
0.79816
0.79816
1.67549
1.83879
1.30014
1.30014
0.705187
0.705187
0.705187
0.879934
0.627936
0.627936
0.627936
0.765936
1.00617
1.16452
1.16452
0.525429
0.525429
0.525429
0.525429
0.499958
0.499958
0.546496
0.703962
0.703962
0.703962
0.703962
0.703962
0.637499
0.637499
0.615641
0.615641
0.514661
0.514661
0.514661
0.514661
0.514661
0.514661
0.514661
0.514661
0.514661
0.624855
0.624855
1.27066
1.27066
1.27066
0.575205
0.547119
0.547119
0.547119
0.547119
0.547119
1.05045
1.05045
1.05045
1.05045
1.05045
1.05045
1.05045
1.39562
1.39562
0.417765
0.417765
0.417765
0.613982
1.04399
0.515851
0.515851
0.471351
0.471351
0.471351
0.471351
0.471351
0.900103
0.665633
0.307304
0.307304
0.542479
0.542479
0.542479
0.542479
0.794111
0.794111
0.864867
0.864867
0.667245
0.28343
0.56199
0.56199
0.56199
0.56199
0.72375
0.72375
0.407697
0.754658
0.754658
0.653044
0.653044
0.653044
0.653044
0.31117
0.31117
0.595832
0.540623
0.540623
1.02908
1.16387
1.03859
1.19213
1.21003
1.21003
1.1095
1.09355
1.09355
1.09355
1.05243
1.05243
1.05243
1.05243
0.45955
0.45955
0.45955
0.45955
0.45955
0.45955
0.45955
0.362405
1.2597
1.2597
1.2597
1.18099
1.05262
