114
120
121
135
136
131
132
155
149
143
135
177
147
145
155
166
164
131
140
144
192
170
188
177
153
169
217
196
146
145
158
175
160
158
146
150
229
169
189
129
135
169
124
172
136
188
153
134
158
188
186
167
182
148
135
152
147
134
145
134
148
125
119
140
135
136
128
136
138
127
128
131
131
151
116
122
129
111
148
89
102
109
97
92
75
84
94
72
97
83
78
76
65
83
116
108
124
112
106
84
100
95
92
87
99
95
71
78
81
122
77
110
68
78
83
62
60
75
73
66
58
49
54
80
70
75
61
72
68
76
80
93
75
77
79
68
74
71
78
73
76
82
59
76
63
59
71
60
58
65
68
61
79
70
62
56
74
55
73
64
67
69
70
68
60
74
70
71
69
64
89
69
77
54
65
56
76
59
72
67
59
53
56
58
55
68
62
60
65
69
66
61
56
49
68
55
53
67
54
59
66
69
76
75
64
67
55
83
65
53
54
55
57
54
57
60
59
50
57
50
55
49
66
55
58
56
56
67
57
51
52
53
55
43
56
53
77
48
49
48
64
47
64
51
55
44
51
59
58
48
61
52
57
65
46
48
53
54
47
56
64
56
60
64
52
55
46
60
67
59
64
52
58
51
54
45
51
46
42
61
55
52
59
44
42
54
62
68
67
50
62
63
60
71
42
49
41
46
37
42
52
42
43
45
50
59
54
49
37
41
41
41
43
54
49
56
58
47
43
41
37
35
38
38
51
44
48
42
46
50
64
38
37
41
52
38
56
41
30
23
17
31
28
23
17
14
21
16
13
11
10
10
13
8
10
12
13
9
12
8
15
10
9
10
8
9
12
12
8
12
15
13
13
26
11
12
11
13
16
14
10
14
8
19
21
16
8
10
8
11
10
11
10
8
8
7
7
8
9
9
7
10
8
7
14
16
13
11
10
9
9
9
10
8
11
12
8
14
13
13
10
13
11
9
9
9
8
10
7
9
14
7
9
7
7
9
12
13
10
12
7
9
9
8
11
11
9
11
8
9
10
7
10
9
12
8
8
8
13
9
8
9
16
7
8
12
7
8
7
8
12
10
9
8
10
7
7
8
9
18
11
10
10
8
7
8
8
9
10
8
10
9
8
8
7
9
7
8
8
10
9
7
7
9
7
9
8
10
13
13
7
8
8
10
11
12
7
13
10
9
8
9
10
10
13
14
7
10
13
7
13
15
19
8
13
9
9
9
10
11
8
7
12
18
17
18
12
10
9
8
10
7
11
11
7
13
13
14
14
15
12
9
10
11
10
11
16
8
8
9
10
8
10
10
7
11
11
11
19
11
8
8
10
10
8
9
13
12
9
9
12
11
10
12
15
8
10
9
8
10
8
10
7
14
11
8
13
7
10
9
8
9
8
11
11
7
10
12
12
10
14
10
8
9
10
7
9
7
8
10
8
8
8
8
7
10
9
8
10
14
8
9
8
7
8
8
6
10
10
8
7
6
7
6
9
6
8
7
11
7
6
9
6
6
8
10
11
12
9
12
7
7
12
7
9
7
7
12
12
11
7
7
6
7
10
7
8
12
8
6
9
12
6
6
7
7
9
7
14
7
8
8
9
6
9
9
12
7
9
10
11
8
9
10
6
11
6
12
12
8
8
12
7
7
9
9
9
8
8
7
15
10
14
9
9
7
7
7
9
7
7
7
9
10
9
12
7
6
8
8
11
7
9
10
9
11
10
8
6
6
6
6
9
9
11
9
8
6
6
13
8
10
9
9
6
10
6
7
8
8
6
6
6
9
8
8
6
11
8
7
12
8
10
10
13
7
7
7
8
10
7
7
6
8
7
10
6
10
7
8
10
12
8
10
6
7
6
6
6
9
6
11
6
8
7
11
11
9
6
10
8
7
7
6
13
7
7
6
7
8
12
10
7
7
7
9
7
11
7
10
8
10
8
13
9
14
7
6
8
9
11
10
7
11
8
7
9
9
6
8
6
6
9
7
11
7
8
9
8
6
7
8
7
7
8
9
6
6
8
8
8
9
6
6
10
9
7
6
7
10
10
7
9
7
9
11
6
8
7
12
6
6
6
7
9
9
7
8
8
6
6
7
6
6
6
6
6
9
9
7
6
9
8
9
8
7
7
10
7
8
7
12
7
6
9
9
11
9
9
10
13
9
8
8
7
6
6
8
7
7
8
6
7
7
6
6
6
6
8
6
10
9
9
12
8
6
6
9
8
12
8
6
7
9
9
11
13
10
13
13
10
6
9
13
12
11
9
8
12
8
9
11
8
9
9
6
10
16
13
14
9
10
8
11
7
7
8
10
6
7
9
7
7
12
11
7
7
6
8
14
11
8
8
9
10
8
7
7
6
6
12
8
13
8
12
9
11
10
12
7
11
7
6
6
8
12
10
9
9
7
6
6
6
7
6
7
6
6
7
7
7
8
8
6
6
6
6
11
12
9
9
12
8
6
7
8
7
8
6
8
7
7
8
7
6
6
6
6
6
6
7
7
9
8
10
9
7
12
10
10
8
6
6
10
7
9
9
8
8
9
8
7
7
13
12
10
7
7
8
12
11
8
8
7
7
10
6
7
8
7
10
10
6
6
8
8
6
6
7
7
7
7
7
9
6
7
8
8
14
10
7
6
8
6
7
8
6
11
8
7
6
7
8
9
14
6
8
8
6
7
7
6
6
9
10
8
7
9
6
6
8
6
6
7
6
6
6
8
9
7
6
10
13
10
12
8
7
6
9
7
9
8
6
7
6
8
11
6
9
7
7
8
7
7
8
9
8
7
10
9
7
6
6
7
10
7
6
8
10
7
10
6
9
6
6
8
9
9
7
11
9
12
10
10
10
11
10
8
6
12
15
7
10
9
8
7
6
7
13
11
8
6
8
7
8
8
6
8
7
6
6
9
7
7
8
9
8
8
9
9
8
6
7
9
7
7
7
8
8
7
7
11
6
8
7
7
7
8
10
6
10
10
6
6
6
6
8
6
8
6
7
6
7
9
8
8
7
8
6
6
6
6
10
7
8
7
7
6
7
8
6
9
10
9
9
8
11
8
7
6
7
10
10
6
8
6
8
10
6
8
10
7
7
6
10
7
10
9
7
7
8
10
7
12
9
7
6
7
8
7
7
8
12
10
7
9
8
8
6
6
8
8
6
6
6
6
10
11
7
10
6
12
6
8
7
10
10
7
11
7
11
6
6
7
7
12
9
8
9
9
9
7
7
7
9
6
7
8
8
9
6
7
6
7
7
7
7
12
6
8
7
8
7
9
7
9
7
6
8
8
7
7
6
7
6
7
7
10
6
7
6
10
8
6
7
6
8
6
8
8
6
6
11
6
6
8
8
9
14
13
11
7
6
10
11
12
9
22
11
10
8
12
10
9
11
6
16
7
7
7
7
7
9
11
6
6
6
6
7
6
6
7
9
9
10
8
10
9
10
9
6
7
6
9
8
10
7
9
7
7
7
7
8
9
16
8
8
7
8
13
7
8
7
6
9
6
12
7
8
7
10
7
14
8
11
6
7
8
6
10
8
7
7
6
6
8
8
7
14
9
8
9
7
8
10
8
6
6
6
8
11
9
10
6
14
15
18
11
7
8
7
6
10
9
10
12
7
8
7
9
6
8
7
8
7
6
8
8
9
11
9
6
6
6
6
7
8
6
6
6
6
6
6
6
6
6
6
8
7
8
7
8
7
7
12
6
6
7
9
7
7
8
8
9
8
6
6
7
7
6
8
6
7
6
8
7
7
10
14
12
15
8
12
7
11
11
8
8
6
8
8
6
9
6
6
7
7
8
10
15
8
8
7
6
9
6
7
7
7
8
7
6
9
6
6
9
8
10
13
9
12
6
7
9
7
15
8
7
7
6
13
8
12
8
9
11
9
8
8
7
6
6
9
8
6
7
9
12
6
7
8
9
9
11
8
6
6
13
6
8
6
7
8
6
7
12
6
7
6
9
9
9
7
11
9
10
8
7
9
10
6
8
9
8
11
10
9
9
9
9
9
6
11
7
8
8
10
6
7
9
12
9
9
13
11
7
7
8
7
6
6
8
6
8
9
9
7
6
7
7
12
11
6
7
8
8
7
8
9
8
8
7
10
7
8
13
10
11
6
6
9
6
10
8
8
8
7
6
6
8
6
7
9
8
6
6
7
9
9
12
6
9
6
7
11
6
6
8
12
9
7
6
7
8
7
6
6
6
9
8
7
6
6
7
9
9
6
6
8
7
7
10
8
8
11
7
13
27
12
8
10
8
7
7
10
11
8
6
6
10
8
15
7
10
12
14
13
13
10
10
8
11
7
11
15
8
13
8
12
7
6
12
8
7
9
10
7
10
12
9
7
8
9
7
7
8
8
9
7
6
7
8
8
8
7
8
7
11
8
7
7
7
6
10
8
8
9
6
10
8
7
10
9
8
8
6
6
8
8
7
13
7
6
8
11
8
10
6
8
9
6
8
8
8
13
8
7
6
6
8
8
9
6
8
10
10
7
7
6
9
6
6
6
8
7
9
8
6
11
8
6
7
6
6
10
8
6
8
7
8
9
9
7
6
8
8
12
9
6
6
9
7
10
10
10
16
7
10
9
6
11
7
7
9
7
8
6
8
7
6
7
16
7
9
9
8
6
7
10
8
7
8
8
12
11
13
16
15
10
11
6
9
14
11
9
8
10
8
8
17
7
8
10
8
9
9
6
6
7
7
11
7
7
12
6
6
7
8
10
8
12
6
7
9
8
7
11
6
9
7
6
9
8
10
7
8
6
6
6
7
11
9
8
15
12
8
9
8
9
12
8
7
9
6
6
8
9
9
9
6
6
8
10
7
13
8
8
15
6
8
6
7
6
8
10
7
6
7
7
8
6
6
9
7
9
6
6
10
8
12
7
7
6
6
6
13
7
6
6
8
9
11
9
16
7
7
7
9
9
9
7
7
10
7
8
7
10
6
8
9
7
6
6
6
6
7
6
7
13
17
11
8
7
11
6
9
9
8
6
8
8
7
6
10
10
7
7
7
6
6
9
6
6
9
9
15
13
15
15
12
7
6
7
7
6
8
6
6
6
9
6
9
7
12
10
18
10
6
6
10
10
8
8
8
7
11
10
8
8
6
8
7
8
6
7
10
8
11
9
7
7
9
7
6
6
6
9
8
12
9
7
9
9
13
6
6
6
9
8
10
8
10
10
8
9
7
9
6
7
6
17
14
10
8
7
7
9
7
9
9
9
10
9
12
7
8
15
7
9
13
6
13
12
12
14
11
10
11
8
6
11
7
7
10
7
8
10
8
8
9
10
7
13
9
8
10
7
7
8
6
8
8
8
9
8
7
7
6
8
7
9
12
9
6
10
10
10
6
12
6
11
8
12
11
13
12
12
9
8
9
13
9
9
7
6
6
9
6
6
6
6
8
11
8
6
7
9
7
14
10
8
7
6
6
6
6
8
9
6
6
8
6
6
7
7
7
10
9
7
10
7
8
9
7
9
6
6
13
7
11
9
6
6
6
6
6
9
13
15
6
6
8
10
11
6
7
8
12
6
8
6
8
10
6
7
7
8
6
7
6
6
6
13
12
14
10
7
8
6
6
9
6
7
10
7
10
7
7
9
7
6
8
7
7
7
6
6
7
7
6
6
7
10
9
8
7
6
6
6
7
10
9
7
7
10
8
8
8
7
7
6
7
11
10
10
6
8
6
9
6
9
6
6
6
8
6
7
6
9
6
7
7
11
8
7
10
9
9
7
7
9
9
7
8
8
6
7
10
8
8
8
6
6
6
6
7
9
11
7
11
8
6
7
8
10
9
7
10
6
6
6
7
8
6
8
7
6
6
13
6
14
7
10
8
8
9
9
7
9
13
9
6
7
7
10
7
8
9
9
8
10
7
6
7
7
8
6
8
9
6
10
8
7
8
9
7
8
6
6
12
9
9
9
8
6
9
12
16
7
8
11
13
11
10
7
6
9
8
11
9
6
9
15
8
11
8
7
9
10
9
7
8
12
7
6
6
8
7
8
12
10
16
15
9
12
16
9
10
9
11
7
10
14
19
6
7
8
8
6
6
9
7
6
10
7
6
7
9
6
7
8
8
14
10
13
10
6
9
11
9
13
9
11
6
7
8
9
9
7
9
6
8
9
10
6
8
10
8
6
7
7
6
7
12
9
6
6
6
6
8
8
10
8
8
10
14
13
7
8
6
7
6
9
8
6
8
12
12
7
7
7
7
6
9
6
7
11
9
10
10
7
7
15
11
13
7
6
8
8
12
12
14
7
6
6
7
6
9
7
7
10
7
6
7
8
8
9
6
8
9
7
6
7
6
6
6
7
7
7
11
8
7
12
6
8
8
8
10
6
9
11
9
7
8
7
8
8
6
10
7
11
7
10
9
8
7
7
6
10
8
8
6
8
7
7
9
9
6
6
8
9
11
8
7
6
6
9
7
6
7
6
8
6
7
6
7
7
9
6
12
10
11
6
9
10
10
10
8
12
14
6
7
7
8
10
6
8
8
8
7
7
7
12
7
7
7
10
12
10
7
10
7
9
7
6
8
9
7
9
9
10
10
13
10
6
6
7
8
8
12
7
8
12
12
7
9
8
8
6
12
7
7
15
13
11
8
7
7
8
6
12
8
8
8
9
8
7
10
6
10
9
11
10
7
6
13
6
9
12
7
7
13
7
8
13
11
6
7
13
6
11
10
6
7
6
8
7
6
9
9
10
16
11
14
7
8
7
12
7
7
12
7
11
8
10
9
6
6
7
6
9
7
8
7
9
7
8
6
6
6
7
7
6
8
6
8
9
6
7
7
9
6
8
8
7
8
6
9
8
10
6
7
11
11
8
7
9
9
13
9
9
6
8
8
11
6
6
6
6
6
6
6
7
9
6
8
8
9
9
7
7
7
12
6
7
6
7
6
6
7
7
6
6
8
10
8
6
7
10
7
7
6
8
7
12
7
11
10
11
13
9
8
9
7
11
14
7
6
11
9
8
8
7
6
6
7
10
12
10
6
9
