0 1
0.68 2.05286
0.56 2.05286
0.6 2.77063
0.55 2.66629
0.536 2.75923
0.526667 2.84332
0.497143 2.61238
0.495 2.68352
0.48 2.55107
0.468 2.42699
0.454545 2.25171
0.453333 2.25171
0.455385 2.30419
0.448571 2.20419
0.450667 2.25197
0.44 2.06888
0.428235 1.84911
0.422222 1.72222
0.421053 1.68145
0.416 1.56332
0.407619 1.37289
0.398182 1.15155
0.394783 1.04422
0.396667 1.04422
0.3888 0.841598
0.390769 0.841598
0.394074 0.873607
0.394286 0.842402
0.397241 0.872848
0.4 0.902579
0.405161 0.989734
0.40625 0.989734
0.404848 0.934139
0.404706 0.906922
0.405714 0.906922
0.408889 0.959192
0.411892 1.01045
0.412632 1.01045
0.412308 0.985767
0.415 1.03426
0.41561 1.03426
0.412381 0.940602
0.411163 0.894557
0.414545 0.962495
0.417778 1.02935
0.418261 1.02935
0.41617 0.964552
0.414167 0.900733
0.413061 0.858813
0.412 0.8175
0.415686 0.898955
0.415385 0.878874
0.416604 0.89868
0.415556 0.859601
0.413818 0.801754
0.412143 0.744658
0.414035 0.782237
0.413793 0.763683
0.410847 0.672054
0.414 0.744469
0.415082 0.762356
0.414839 0.744679
0.418413 0.832045
0.4175 0.797496
0.416 0.746254
0.41697 0.763146
0.416716 0.746438
0.416471 0.72991
0.42029 0.828032
0.421714 0.860398
0.421972 0.860398
0.420556 0.812836
0.416986 0.702971
0.417838 0.718511
0.418667 0.733899
0.422105 0.82534
0.420779 0.780054
0.421026 0.780054
0.419747 0.73561
0.421 0.764968
0.422716 0.808607
0.421951 0.779774
0.421205 0.751197
0.42381 0.822017
0.424941 0.8501
0.423256 0.794413
0.421149 0.725391
0.420909 0.711702
0.421124 0.711702
0.421333 0.711702
0.421099 0.698345
0.422174 0.724845
0.423226 0.751135
0.424681 0.790262
0.423158 0.738497
0.424167 0.764181
0.42433 0.764181
0.426122 0.814778
0.425455 0.789668
0.426 0.80213
0.428119 0.863989
0.427843 0.851707
0.428738 0.876096
0.429615 0.900312
0.429714 0.900312
0.430566 0.924192
0.432523 0.983479
0.433333 1.00703
0.432661 0.983638
0.432727 0.983638
0.433514 1.00672
0.432857 0.98379
0.432566 0.9724
0.43193 0.949766
0.432696 0.972254
0.431034 0.916392
0.432479 0.9608
0.432542 0.9608
0.432269 0.949836
0.432333 0.949836
0.430744 0.895686
0.43082 0.895686
0.431545 0.917085
0.431613 0.917085
