-43645.2 -18259.9 -25385.4
-42773.2 -17475.6 -25297.6
-41068.5 -15905.7 -25162.8
-38429.2 -13554.4 -24874.8
-36610.7 -12024.6 -24586.1
-35708.7 -11355 -24353.7
-35188.7 -11017.1 -24171.5
-34734.2 -10815.6 -23918.6
-34462.9 -10662.7 -23800.2
-34194.8 -10604.9 -23589.9
-33924.3 -10550.3 -23373.9
-33525 -10374.5 -23150.5
-33216 -10280.5 -22935.4
-33022.9 -10218 -22804.8
-32888.4 -10254.9 -22633.5
-32613.2 -10188.7 -22424.5
-32344.3 -10111 -22233.2
-32286.1 -10158.4 -22127.7
-32046.6 -10156 -21890.6
-31675 -9987.19 -21687.8
-31367.2 -9922.98 -21444.2
-31435.4 -10132.4 -21303
-31176.2 -10152.7 -21023.6
-31053.4 -10077.1 -20976.2
-31035.7 -10171.3 -20864.4
-30901.6 -10214.5 -20687.2
-30642.8 -10124.7 -20518.2
-30338.6 -9949.87 -20388.7
-30323.8 -9979.18 -20344.7
-30364.6 -10003.5 -20361.1
-30051.5 -9832.84 -20218.7
-30034.6 -9970.88 -20063.8
-29938.7 -9984.98 -19953.7
-29665.5 -9878.26 -19787.2
-29720.4 -9980.92 -19739.5
-29661.8 -9991.05 -19670.7
-29305.7 -9865.73 -19440
-29343.4 -9850.23 -19493.2
-29233.1 -9891.23 -19341.9
-29108.9 -9754.04 -19354.9
-28984.9 -9798.05 -19186.9
-28880.6 -9739.62 -19141
-28795.1 -9729.17 -19065.9
-28446.4 -9587.35 -18859
-28348.3 -9468.36 -18880
-28133.9 -9519.24 -18614.7
-28172.9 -9494.64 -18678.3
-28254 -9666.89 -18587.1
-27943.8 -9527.63 -18416.2
-27697.7 -9415.8 -18281.9
-27701.8 -9404.34 -18297.5
-27767.5 -9585.35 -18182.1
-27652.1 -9573.68 -18078.4
-27672.9 -9554.57 -18118.3
-27421.7 -9444.95 -17976.8
-27223.6 -9420.82 -17802.8
-27309.5 -9583.15 -17726.3
-27219.9 -9572.43 -17647.5
-27188.4 -9577.9 -17610.5
-27163.8 -9665.93 -17497.8
-27079 -9624.91 -17454.1
-26964.3 -9618.2 -17346.1
-26921.2 -9706.68 -17214.5
-26940.1 -9731.02 -17209.1
-26716.3 -9647.61 -17068.7
-26687.8 -9677.75 -17010.1
-26670.5 -9722.03 -16948.5
-26651.6 -9723.23 -16928.4
-26647.1 -9714.76 -16932.3
-26635.3 -9719.31 -16916
-26532 -9695.14 -16836.8
-26427.9 -9693.47 -16734.5
-26286.9 -9691.36 -16595.5
-26187.2 -9737.27 -16449.9
-26227.9 -9788.78 -16439.2
-26164.5 -9792.43 -16372.1
-26263.5 -9907.95 -16355.6
-26253.8 -9884.41 -16369.3
-25981.9 -9918.79 -16063.1
-26218.5 -10067.9 -16150.6
-26051.3 -10043 -16008.2
-25914.1 -10014.6 -15899.5
-25864.5 -10005.4 -15859.1
-25785.5 -9980.4 -15805.1
-25891.9 -10012 -15879.8
-25894 -10123.7 -15770.3
-25824.1 -10084.6 -15739.5
-25761.6 -10100.2 -15661.4
-25747.8 -10110.4 -15637.4
-25748.7 -10156.9 -15591.7
-25852.3 -10219.6 -15632.7
-25806.9 -10230.5 -15576.4
-25640.6 -10160.4 -15480.2
-26061.1 -10455.3 -15605.8
-25691.6 -10265.3 -15426.3
-25523.6 -10223.9 -15299.7
-25503.3 -10282.7 -15220.6
-25582.7 -10320.1 -15262.6
-25378.6 -10202.2 -15176.4
-25457 -10280.5 -15176.5
-25442.7 -10259.1 -15183.6
-25412.9 -10292.1 -15120.8
-25272.5 -10226.9 -15045.6
-25253.4 -10252.9 -15000.5
-25198.7 -10315.2 -14883.5
-25239.1 -10382.8 -14856.2
-25270.1 -10395.5 -14874.6
-25167.8 -10361.6 -14806.2
-25044 -10337.5 -14706.5
-24856.3 -10291.8 -14564.5
-25009.6 -10363.4 -14646.2
-24845.5 -10303.2 -14542.3
-24939.1 -10315.1 -14624
-24981.1 -10355.1 -14625.9
-24757.7 -10274.6 -14483.2
-24717.3 -10329 -14388.3
-24800.4 -10387.3 -14413.1
-24717.4 -10374.3 -14343.1
-24674.2 -10397.7 -14276.5
-24579.7 -10376.8 -14202.9
-24506.9 -10327.2 -14179.7
-24586.4 -10333.3 -14253.1
-24653.1 -10418.4 -14234.7
-24747.9 -10574.2 -14173.7
-24693.6 -10551.5 -14142.1
-24550.9 -10525.7 -14025.1
-24459.7 -10530.9 -13928.8
-24310.4 -10473.8 -13836.7
-24194.1 -10388.4 -13805.7
-24174.6 -10382.5 -13792.1
-23924.6 -10230.9 -13693.7
-24022.8 -10353.2 -13669.6
-24108.6 -10405 -13703.6
-24100.9 -10355.2 -13745.7
-24215.4 -10527.4 -13688
-24107.3 -10448.6 -13658.6
-24065.2 -10428.8 -13636.5
-24018.8 -10406.1 -13612.7
-23933.4 -10381.1 -13552.3
-23894.8 -10386.1 -13508.7
-23811.9 -10354.2 -13457.7
-23834.3 -10416.9 -13417.4
-23808 -10381.5 -13426.5
-23652.8 -10311.5 -13341.3
-23683.2 -10350.5 -13332.7
-23487.7 -10285.5 -13202.2
-23537.8 -10331.5 -13206.2
-23275.5 -10099.1 -13176.3
-23241.2 -10060.4 -13180.8
-23320.7 -10177.5 -13143.1
-23314.5 -10162.1 -13152.4
-23372.3 -10174.8 -13197.6
-23452.8 -10347.8 -13105
-23568.5 -10416.7 -13151.8
-23402.7 -10367.1 -13035.7
-23282.2 -10333.3 -12948.9
-23100.2 -10245.7 -12854.5
-23233.9 -10434 -12799.9
-23108 -10342.7 -12765.3
-23088.4 -10332.2 -12756.2
-23021.6 -10303.9 -12717.6
-23073.3 -10337.4 -12736
-23166.5 -10462.1 -12704.4
-23026.5 -10328.8 -12697.8
-23040.3 -10384.5 -12655.8
-23138.9 -10473.4 -12665.5
-23053.3 -10452.9 -12600.4
-22938.8 -10397 -12541.7
-22970.8 -10416.6 -12554.2
-22970.5 -10445.2 -12525.3
-22899.4 -10479.8 -12419.6
-23053.7 -10537.8 -12515.9
-22996 -10506.4 -12489.5
-23047.4 -10530.8 -12516.6
-22945.8 -10500.4 -12445.4
-22868 -10412.4 -12455.5
-22847.8 -10398.4 -12449.4
-22862.9 -10412.6 -12450.3
-22756.7 -10333.1 -12423.6
-22764.2 -10333.3 -12430.8
-22649.9 -10216.1 -12433.8
-22820.6 -10346 -12474.6
-22835.6 -10357.7 -12477.9
-22796.5 -10367.1 -12429.4
-22721 -10358 -12363
-22702.4 -10338.7 -12363.8
-22765.1 -10389.4 -12375.8
-22701.6 -10354.5 -12347
-22663.5 -10282.7 -12380.8
-22545.3 -10196.5 -12348.8
-22603.8 -10257.4 -12346.4
-22641.8 -10250.6 -12391.2
-22614.3 -10234.6 -12379.8
-22532.3 -10199.3 -12333
-22514.8 -10259.1 -12255.7
-22495.1 -10195.6 -12299.5
-22513.1 -10280 -12233.1
-22588.6 -10338.9 -12249.7
-22555.2 -10231.6 -12323.6
-22560.8 -10222.4 -12338.4
-22596.1 -10297.3 -12298.8
-22693.6 -10401.6 -12292.1
-22480.5 -10323.8 -12156.8
-22509.4 -10362.2 -12147.2
-22541.4 -10456.5 -12084.9
-22508 -10402.1 -12105.9
-22399.1 -10366.5 -12032.6
-22313.1 -10358.6 -11954.6
-22270.4 -10395.6 -11874.8
-22236.6 -10363 -11873.5
-22289.4 -10406 -11883.4
-22274.4 -10379.2 -11895.2
-22171 -10244 -11927
-22173.8 -10263.2 -11910.6
-22208.1 -10237.4 -11970.7
-22120.5 -10220 -11900.5
-22191.3 -10285.7 -11905.5
-22262.2 -10332.5 -11929.7
-22192.3 -10197.3 -11995
-22243 -10298.5 -11944.5
-22356.1 -10411.9 -11944.2
-22243.3 -10284.2 -11959
-22334.7 -10347.1 -11987.6
-22308.4 -10290 -12018.4
-22345.4 -10347 -11998.4
-22377.4 -10422.8 -11954.7
-22387.4 -10490.9 -11896.5
-22257.1 -10472.7 -11784.4
-22330.9 -10460.8 -11870.2
-22318.1 -10491.1 -11827
-22345.4 -10520.6 -11824.8
-22268.3 -10432.4 -11835.9
-22224.6 -10380.3 -11844.3
-22295.7 -10458 -11837.7
-22208.2 -10344.7 -11863.5
-22162.3 -10315.7 -11846.6
-22149 -10295.1 -11853.9
-22192.8 -10302.3 -11890.5
-22141.3 -10303.1 -11838.2
-22029.8 -10274.6 -11755.3
-21998.9 -10298.9 -11700
-22060.4 -10288 -11772.5
-21999.4 -10258.4 -11741
-21982.2 -10307 -11675.2
-21887.8 -10234.9 -11652.9
-21895 -10252.3 -11642.7
-21773.1 -10243.4 -11529.7
-21871.7 -10295.8 -11575.9
-21857.2 -10273.5 -11583.7
-21872.6 -10345.9 -11526.7
-21841.5 -10324.1 -11517.4
-21894.3 -10387.9 -11506.3
-21883.4 -10369.1 -11514.2
-21910.4 -10376.6 -11533.8
-21880.6 -10322.3 -11558.3
-22006.1 -10406.2 -11599.9
-21973.8 -10400 -11573.8
-21955.6 -10419.4 -11536.2
-21905.5 -10351.6 -11553.8
-21956.1 -10348.4 -11607.7
-21932.4 -10387.8 -11544.6
-21792.6 -10278.6 -11514
-21949.3 -10383.3 -11566
-21812.7 -10224 -11588.7
-21879.4 -10282.4 -11597
-21995.7 -10373.1 -11622.6
-21818.2 -10263.1 -11555.1
-21721 -10205.2 -11515.8
-21674 -10173.6 -11500.4
-21744.5 -10207.5 -11537
-21821.9 -10296.3 -11525.7
-21885.7 -10314.3 -11571.5
-21877.7 -10233.6 -11644.2
-21895 -10351.2 -11543.8
-22023.5 -10485 -11538.5
-22063.3 -10555.5 -11507.8
-21919.6 -10486.6 -11433
-21811.8 -10371.5 -11440.3
-21838.7 -10388.3 -11450.4
-21781.9 -10382.4 -11399.4
-21824.3 -10430.1 -11394.1
-21692.9 -10335.2 -11357.7
-21569.1 -10261.5 -11307.5
-21553.2 -10207.6 -11345.7
-21669.9 -10313.7 -11356.2
-21586.9 -10261.1 -11325.8
-21540.4 -10221.3 -11319.1
-21450.9 -10195.1 -11255.8
-21568.3 -10298.4 -11269.9
-21622.4 -10297.6 -11324.9
-21497.2 -10275.7 -11221.5
-21546.2 -10326 -11220.2
-21583.5 -10292.9 -11290.6
-21532.3 -10363.7 -11168.6
-21507.9 -10363.3 -11144.5
-21388.3 -10237.8 -11150.5
-21420.4 -10251.5 -11168.9
-21364.1 -10305.2 -11058.9
-21393.3 -10354.1 -11039.2
-21420 -10411.1 -11008.9
-21427.4 -10434.8 -10992.6
-21297.7 -10331.6 -10966
-21321.5 -10373.1 -10948.5
-21244.7 -10365.4 -10879.3
-21380.9 -10445.2 -10935.7
-21248.3 -10311.6 -10936.6
-21372.7 -10379.1 -10993.6
-21440.8 -10350.4 -11090.5
-21482.8 -10431.8 -11051
-21472.6 -10447.1 -11025.6
-21393.6 -10413.9 -10979.7
-21354.1 -10407.4 -10946.7
-21428.4 -10483.7 -10944.7
-21246.3 -10338.8 -10907.4
-21273.5 -10346.2 -10927.3
-21293.1 -10378.4 -10914.7
-21219.4 -10317.7 -10901.6
-21297.3 -10345.4 -10951.8
-21316 -10354.8 -10961.2
-21297.8 -10363.8 -10934
-21394.7 -10466.2 -10928.6
-21274.3 -10362.3 -10912
-21267.2 -10367 -10900.2
-21331.7 -10419.3 -10912.3
-21133.7 -10259 -10874.6
-21120.7 -10222.2 -10898.5
-21080.2 -10190.4 -10889.9
-21003.8 -10147.4 -10856.4
-21204.8 -10283.2 -10921.6
-21108.2 -10212.9 -10895.3
-21007.5 -10165.6 -10841.9
-21010.8 -10185.3 -10825.5
-21113.6 -10303 -10810.6
-21134.2 -10323.7 -10810.5
-20935.8 -10254.7 -10681.1
-20916.8 -10205.3 -10711.5
-20989.7 -10274.6 -10715.1
-20985.8 -10286.7 -10699.1
-20961.8 -10278.8 -10683.1
-20947.9 -10248.7 -10699.2
-21001.5 -10270 -10731.5
-21001.2 -10319 -10682.3
-21092.2 -10385 -10707.2
-20946.8 -10327.3 -10619.5
-21078 -10465.6 -10612.3
-21007 -10418.8 -10588.3
-21086.6 -10489.6 -10597
-21035.7 -10461.2 -10574.5
-20898.9 -10369.5 -10529.4
-20878.9 -10306 -10572.9
-20972.4 -10434.8 -10537.6
-20955.5 -10447.2 -10508.3
-20907.8 -10450.5 -10457.3
-21024 -10570.3 -10453.7
-21054.8 -10596.9 -10457.8
-21003.1 -10526.5 -10476.6
-21006.8 -10554 -10452.8
-21138.4 -10708.4 -10430
-20941.9 -10534.7 -10407.2
-20939.9 -10543.9 -10396
-20907.3 -10504.7 -10402.6
-20852.7 -10506.1 -10346.6
-20858.1 -10504 -10354.1
-20856.2 -10538.4 -10317.9
-20855.3 -10525 -10330.3
-20828.6 -10476.1 -10352.5
-20783.9 -10513.2 -10270.7
-20790 -10572.5 -10217.5
-20980.1 -10749.8 -10230.3
-20881.8 -10631 -10250.8
-20890.1 -10604 -10286.1
-20892.1 -10635.5 -10256.6
-20774.3 -10509.4 -10265
-20674 -10433.4 -10240.6
-20674.6 -10455.2 -10219.4
-20639.9 -10429.4 -10210.4
-20722.7 -10467.6 -10255.1
-20747.3 -10500.8 -10246.5
-20817.8 -10603.9 -10213.9
-20843.1 -10585.9 -10257.2
-20758.4 -10530.1 -10228.4
-20722.2 -10477.3 -10244.9
-20677.3 -10449.6 -10227.6
-20749.4 -10512.2 -10237.2
-20766.5 -10512.9 -10253.7
-20725.5 -10482 -10243.5
-20753.3 -10534.2 -10219
-20758.9 -10467.6 -10291.2
-20838.2 -10535.5 -10302.7
-20831 -10580 -10251
-20714.1 -10532.1 -10182
-20627.4 -10461.5 -10165.9
-20688.1 -10534.5 -10153.6
-20620.4 -10473.7 -10146.7
-20586.1 -10445.9 -10140.2
-20578.6 -10408.3 -10170.3
-20545.4 -10388.4 -10157.1
-20574.8 -10354.3 -10220.4
-20541.7 -10349.1 -10192.6
-20528.3 -10401 -10127.4
-20450.8 -10338 -10112.8
-20569.1 -10408.6 -10160.6
-20533.7 -10425 -10108.7
-20555.2 -10409.2 -10146
-20533.7 -10351.7 -10182.1
-20565 -10367.3 -10197.7
-20481 -10328.5 -10152.5
-20531.5 -10371.8 -10159.7
-20534.9 -10412.9 -10122
-20595.2 -10494.6 -10100.5
-20674 -10556.5 -10117.5
-20561.4 -10440 -10121.4
-20530.7 -10427.7 -10103
-20538.7 -10404.5 -10134.2
-20516.5 -10370.7 -10145.8
-20541.2 -10373.2 -10168
-20578.2 -10380.6 -10197.6
-20667.4 -10471.5 -10196
-20600.3 -10395.8 -10204.4
-20688.4 -10519.3 -10169.1
-20500 -10394.2 -10105.8
-20540.3 -10387.5 -10152.9
-20495.4 -10348.4 -10147
-20592.5 -10427.2 -10165.2
-20617.1 -10441.2 -10176
-20630.2 -10427.4 -10202.7
-20590.7 -10448.9 -10141.8
-20662.5 -10537.2 -10125.3
-20607.4 -10466.8 -10140.6
-20583.6 -10493.5 -10090.2
-20627.9 -10490.7 -10137.2
-20581.2 -10434.4 -10146.8
-20653.5 -10469 -10184.5
-20697.2 -10509.6 -10187.6
-20689 -10417.3 -10271.7
-20687.7 -10446.6 -10241.1
-20844 -10632.6 -10211.3
-20738.6 -10515.4 -10223.2
-20735.6 -10531.9 -10203.7
-20615.5 -10414.6 -10200.9
-20651.8 -10437.5 -10214.4
-20660.6 -10413.8 -10246.7
-20604.7 -10410.2 -10194.5
-20548 -10417.3 -10130.8
-20522.8 -10445.6 -10077.2
-20548.7 -10406.8 -10141.8
-20541.6 -10435.9 -10105.7
-20527.7 -10455.6 -10072.1
-20317.6 -10337.3 -9980.34
-20371.5 -10391.2 -9980.31
-20448.7 -10465.4 -9983.25
-20466.8 -10479.7 -9987.13
-20386.1 -10435.8 -9950.32
-20418.7 -10465.2 -9953.53
-20506.6 -10521 -9985.66
-20483.9 -10526.8 -9957.08
-20448.8 -10506.8 -9941.99
-20483.3 -10506.9 -9976.43
-20354.8 -10392 -9962.82
-20379.9 -10433.6 -9946.22
-20468.1 -10552.7 -9915.4
-20456.1 -10557.7 -9898.36
-20507.5 -10594.3 -9913.22
-20466.8 -10584.1 -9882.67
-20502.4 -10566.8 -9935.56
-20467.8 -10551.6 -9916.18
-20442.8 -10526.3 -9916.46
-20475.2 -10558.9 -9916.33
-20389.6 -10491.9 -9897.66
-20328.9 -10436.5 -9892.46
-20202.1 -10375.7 -9826.39
-20304.7 -10477.8 -9826.87
-20261.9 -10466.7 -9795.19
-20204.6 -10473.1 -9731.56
-20303.5 -10556.3 -9747.19
-20235.4 -10509.3 -9726.11
-20330.3 -10550.4 -9779.9
-20300 -10533.5 -9766.52
-20324.5 -10545.2 -9779.28
-20299.8 -10493.8 -9806.06
-20326.7 -10528.7 -9798.03
-20254.6 -10484.7 -9769.86
-20301.1 -10501.6 -9799.5
-20339.9 -10562.6 -9777.28
-20258.8 -10495.9 -9762.98
-20373.4 -10627.3 -9746.08
-20352.2 -10608.5 -9743.65
-20247.7 -10565.2 -9682.54
-20139.4 -10500.9 -9638.54
-20133.4 -10539.4 -9594.03
-19996.6 -10466.9 -9529.76
-20003 -10407.5 -9595.43
-20007.8 -10432.5 -9575.24
-20102 -10480 -9622.07
-20128.5 -10464.2 -9664.27
-20130.1 -10426.5 -9703.51
-20028.3 -10328.8 -9699.45
-20002.4 -10310.7 -9691.64
-20130.1 -10400.7 -9729.37
-20280 -10535.4 -9744.64
-20251.7 -10466 -9785.69
-20278.9 -10505.8 -9773.08
-20269.8 -10527.3 -9742.56
-20180.2 -10490.6 -9689.54
-20192 -10459.1 -9732.89
-20212.5 -10494.7 -9717.85
-20132.6 -10420.7 -9711.88
-20208.7 -10458.5 -9750.14
-20226.7 -10459.2 -9767.48
-20244.8 -10466.7 -9778.17
-20165.4 -10358.4 -9807.04
-20194.5 -10379.2 -9815.21
-20331.5 -10468.6 -9862.83
-20283.7 -10408 -9875.72
-20275.4 -10395.7 -9879.76
-20320 -10407.3 -9912.76
-20347.1 -10458.5 -9888.61
-20270.4 -10433.9 -9836.53
-20281.6 -10450.2 -9831.41
-20344.7 -10535.1 -9809.58
-20264.5 -10473.5 -9791.03
-20194.2 -10405.5 -9788.7
-20154.3 -10444.8 -9709.52
-20204.7 -10436.1 -9768.62
-20279.7 -10463.6 -9816.05
-20231.4 -10471.5 -9759.88
-20221.2 -10472.4 -9748.76
-20083.9 -10416.9 -9667.07
-20036.7 -10395.1 -9641.67
-19909.8 -10305.5 -9604.25
-19922.8 -10353.3 -9569.45
-19783.1 -10269 -9514.13
-19797.5 -10272.2 -9525.3
-19757.9 -10292.6 -9465.31
-19699.2 -10299.8 -9399.39
-19695.5 -10306.2 -9389.27
-19788.9 -10386 -9402.83
-19678.6 -10314.4 -9364.14
-19762 -10375.1 -9386.85
-19769 -10335.5 -9433.5
-19816.9 -10358.1 -9458.82
-19792.2 -10352.7 -9439.54
-19656.8 -10270.9 -9385.89
-19636.8 -10300.8 -9335.93
-19622.7 -10376.1 -9246.59
-19608.9 -10346.7 -9262.22
-19542.2 -10279.8 -9262.45
-19630.5 -10331.5 -9299.03
-19598.4 -10354.6 -9243.81
-19556.3 -10313.1 -9243.12
-19512.8 -10296.7 -9216.01
-19488.6 -10262.4 -9226.21
-19487 -10245.3 -9241.71
-19684.9 -10386.2 -9298.66
-19702 -10459.5 -9242.51
-19687.4 -10468.5 -9218.87
-19764.3 -10497.9 -9266.4
-19809.6 -10554.7 -9254.94
-19845 -10497.7 -9347.38
-19784.1 -10453.4 -9330.64
-19765.4 -10401.1 -9364.26
-19782.8 -10457.3 -9325.47
-19812 -10460.1 -9351.95
-19706.1 -10426.7 -9279.41
-19643.8 -10370.5 -9273.29
-19570.5 -10340.7 -9229.76
-19540.2 -10321.5 -9218.67
-19692.3 -10391.1 -9301.13
-19655.7 -10327.1 -9328.6
-19765.9 -10386.9 -9379
-19834 -10488 -9345.98
-19901.7 -10565.3 -9336.41
-19839.8 -10525.3 -9314.51
-19820.2 -10476 -9344.21
-19776.4 -10485.4 -9290.98
-19665.6 -10457.8 -9207.82
-19631.2 -10465.6 -9165.61
-19629 -10494.8 -9134.27
-19675.1 -10537.3 -9137.78
-19660 -10519.7 -9140.23
-19470.8 -10449.3 -9021.57
-19330 -10346.3 -8983.63
-19246.7 -10342.2 -8904.51
-19182 -10292.5 -8889.44
-19298.5 -10358.8 -8939.67
-19328.4 -10375.3 -8953.12
-19394.8 -10470.1 -8924.64
-19390.3 -10467.5 -8922.85
-19309.5 -10406.3 -8903.13
-19203 -10367.5 -8835.56
-19157.4 -10314.7 -8842.75
-19228.4 -10354.4 -8873.98
-19233.4 -10369.2 -8864.21
-19193.5 -10345.6 -8847.88
-19150.5 -10318.6 -8831.85
-19136.3 -10333.4 -8802.84
-19162.5 -10326.6 -8835.85
-19115 -10303.5 -8811.55
-19241.5 -10383.5 -8857.96
-19282.2 -10452.5 -8829.68
-19143.6 -10383.3 -8760.37
-19021.5 -10292.9 -8728.57
-18963.3 -10259.7 -8703.61
-19014.6 -10324.1 -8690.48
-19058.6 -10336.7 -8721.9
-19064 -10344.3 -8719.71
-19133.9 -10385.1 -8748.83
-19127.4 -10424.3 -8703.12
-19163.7 -10414 -8749.73
-19228.6 -10423.4 -8805.14
-19236.5 -10449.6 -8786.9
-19285.5 -10519.5 -8766.03
-19263.5 -10548.8 -8714.7
-19235.5 -10517.4 -8718.08
-19109.6 -10398.1 -8711.53
-19157.8 -10390 -8767.81
-19325.6 -10502 -8823.67
-19339.6 -10479.9 -8859.67
-19343.2 -10484.8 -8858.42
-19399.6 -10556 -8843.61
-19234.3 -10438.5 -8795.75
-19264.7 -10526.6 -8738.06
-19178.5 -10442.4 -8736.17
-19213.5 -10468.3 -8745.22
-19192.5 -10481.5 -8710.98
-19197.5 -10484.9 -8712.58
-19197.5 -10496.5 -8700.97
-19289.6 -10550.7 -8738.92
-19284.5 -10563.9 -8720.66
-19261.8 -10520.1 -8741.64
-19289.7 -10520.2 -8769.45
-19291.5 -10559.3 -8732.2
-19218.7 -10494.3 -8724.38
-19237.7 -10478.6 -8759.03
-19227.9 -10481 -8746.86
-19187.3 -10459 -8728.31
-19146.4 -10409.5 -8736.91
-19152.8 -10429.7 -8723.03
-19121.1 -10439.4 -8681.75
-19099.2 -10471.7 -8627.5
-19130.5 -10501.7 -8628.73
-19170 -10547.5 -8622.48
-19165.1 -10505.3 -8659.82
-19175.3 -10498.4 -8676.87
-19315.5 -10610.3 -8705.21
-19303.8 -10618.1 -8685.74
-19309.8 -10639 -8670.8
-19248.4 -10578.1 -8670.3
-19297.5 -10646.3 -8651.23
-19201 -10540.4 -8660.55
-19182 -10533.2 -8648.9
-19215.5 -10581 -8634.52
-19157.6 -10555 -8602.58
-19233.5 -10609.7 -8623.81
-19112.5 -10520.3 -8592.27
-19173.7 -10580.3 -8593.32
-19175.9 -10613.5 -8562.46
-19175 -10625.8 -8549.15
-19027.1 -10513.8 -8513.33
-18967.3 -10488.3 -8479.03
-18978.4 -10498.6 -8479.79
-18971.6 -10502.5 -8469.09
-18990.7 -10595.7 -8395.04
-19019.9 -10640.5 -8379.43
-18924.9 -10567.4 -8357.5
-18818 -10458 -8359.94
-18910.6 -10520.3 -8390.32
-18933.9 -10490.7 -8443.18
-18939.8 -10494 -8445.79
-18882.4 -10445.2 -8437.23
-18909.5 -10440.8 -8468.61
-18762.2 -10351.5 -8410.73
-18749 -10355.2 -8393.79
-18720.6 -10312.3 -8408.26
-18854.5 -10380 -8474.54
-18841.9 -10327 -8514.85
-18812.1 -10305.9 -8506.18
-18812.2 -10301.5 -8510.72
-18717.7 -10223.7 -8494.04
-18706.1 -10226.5 -8479.61
-18711.7 -10215.8 -8495.9
-18719.9 -10242.7 -8477.14
-18766.2 -10261.3 -8504.9
-18780.9 -10279.7 -8501.18
-18849.4 -10343.6 -8505.85
-18701.4 -10274.6 -8426.8
-18723.3 -10281.5 -8441.79
-18703.1 -10276.7 -8426.4
-18659.3 -10208.4 -8450.9
-18740.1 -10244.4 -8495.69
-18830.6 -10288.3 -8542.33
-18729.4 -10201.6 -8527.86
-18777.4 -10283 -8494.42
-18825.7 -10332.1 -8493.65
-18764.9 -10273.7 -8491.17
-18765.8 -10294.5 -8471.27
-18849.8 -10344.6 -8505.22
-18734.9 -10276.4 -8458.57
-18728.5 -10295.9 -8432.61
-18753 -10330.9 -8422.04
-18720.2 -10290.4 -8429.87
-18765 -10361.6 -8403.38
-18768 -10297.1 -8470.86
-18788.1 -10301.3 -8486.81
-18773.7 -10306.8 -8466.88
-18778.8 -10319.9 -8458.87
-18809.1 -10359.5 -8449.61
-18767.7 -10328.6 -8439.11
-18708.3 -10296.6 -8411.66
-18785.6 -10379.6 -8406.05
-18788.2 -10337.8 -8450.4
-18770.8 -10330.2 -8440.59
-18899.8 -10412.4 -8487.42
-18942.7 -10429.9 -8512.79
-18893.7 -10400.2 -8493.55
-18835.4 -10318.6 -8516.77
-18881.1 -10355.1 -8526
-18908.1 -10361.9 -8546.2
-18909.6 -10379.9 -8529.79
-18875.4 -10370.4 -8504.91
-18845.1 -10313.4 -8531.71
-18852.3 -10296.9 -8555.43
-18876.3 -10352.8 -8523.56
-18833.9 -10361.4 -8472.46
-18848.3 -10369.2 -8479.13
-18868.5 -10391.2 -8477.35
-18936.8 -10452.7 -8484.09
-18956.7 -10489.2 -8467.52
-19017.4 -10573.9 -8443.51
-18934.3 -10530.5 -8403.83
-18876.8 -10503.4 -8373.43
-18807.9 -10433.9 -8373.99
-18908.6 -10501.2 -8407.38
-18998.8 -10610.2 -8388.59
-18854.2 -10534.8 -8319.38
-18946.4 -10619.6 -8326.74
-18819.3 -10532.7 -8286.6
-18873 -10590.9 -8282.14
-18912 -10624.1 -8287.81
-18756.2 -10473.9 -8282.26
-18882.6 -10626.8 -8255.85
-18870.2 -10638.4 -8231.74
-18789.4 -10566.1 -8223.32
-18814 -10549.1 -8264.88
-18858.3 -10578.1 -8280.28
-18751.2 -10526.7 -8224.53
-18918.1 -10608.1 -8310.01
-18953 -10653.8 -8299.2
-18905.4 -10618.3 -8287.05
-18865.1 -10632.9 -8232.24
-18826.2 -10632 -8194.2
-18756.2 -10600.7 -8155.54
-18746.3 -10594.3 -8152.05
-18659.1 -10502.7 -8156.33
-18682.4 -10506.9 -8175.58
-18641.3 -10475.9 -8165.36
-18693.2 -10513.4 -8179.79
-18703.2 -10541.1 -8162.15
-18644.7 -10516.3 -8128.36
-18622.5 -10528.1 -8094.4
-18651.3 -10613.6 -8037.68
-18632.3 -10618.9 -8013.4
-18736.6 -10608.6 -8128.06
-18684.2 -10563.1 -8121.11
-18668.3 -10570.5 -8097.76
-18733.6 -10593.8 -8139.83
-18685.9 -10540.3 -8145.54
-18759.9 -10600.7 -8159.26
-18765.9 -10611.8 -8154.05
-18843 -10673.3 -8169.75
-18760.9 -10584 -8176.91
-18736.7 -10561.6 -8175.04
-18702.7 -10516.8 -8185.9
-18763.8 -10575.6 -8188.15
-18724.5 -10608.1 -8116.38
-18716.2 -10589.3 -8126.89
-18736.5 -10566.6 -8169.98
-18688.9 -10509.8 -8179.09
-18644.1 -10478.6 -8165.55
-18768.4 -10577 -8191.43
-18736.1 -10537.5 -8198.54
-18830.3 -10619.5 -8210.78
-18783.4 -10569.9 -8213.55
-18772.7 -10539.8 -8232.91
-18766.5 -10552.7 -8213.79
-18754.8 -10543 -8211.75
-18707.3 -10527.2 -8180.12
-18782.6 -10575.2 -8207.38
-18787.4 -10548.2 -8239.25
-18814.2 -10564.6 -8249.63
-18893.8 -10564.7 -8329.08
-18923.1 -10582.5 -8340.66
-18759.8 -10473.1 -8286.68
-18650.8 -10345.2 -8305.58
-18817.2 -10503 -8314.14
-18714.1 -10401.1 -8312.97
-18667.9 -10345.8 -8322.1
-18647.6 -10341.3 -8306.25
-18717.1 -10418.9 -8298.19
-18723.6 -10423.7 -8299.93
-18743.9 -10411.5 -8332.49
-18739.4 -10412.2 -8327.23
-18888.4 -10546.8 -8341.51
-18936.3 -10625.6 -8310.68
-18816.1 -10473.4 -8342.67
-18852.9 -10505.2 -8347.67
-18801.9 -10473 -8328.89
-18830.6 -10513.9 -8316.67
-18711.6 -10422.1 -8289.49
-18677.5 -10445.8 -8231.75
-18697.8 -10421.6 -8276.25
-18772.8 -10517.1 -8255.77
-18770.9 -10561 -8209.91
-18702.7 -10537.8 -8164.94
-18708.4 -10554 -8154.46
-18703.6 -10563.7 -8139.92
-18738.7 -10568.2 -8170.55
-18857.7 -10655.8 -8201.92
-18908.3 -10689.5 -8218.89
-18906.1 -10677.6 -8228.56
-18837.1 -10606.4 -8230.74
-18831.5 -10648.4 -8183.06
-18810.1 -10626.8 -8183.27
-18730 -10525.5 -8204.46
-18670.7 -10487.2 -8183.58
-18605.2 -10462.7 -8142.51
-18584.6 -10464.5 -8120.1
-18662.2 -10530 -8132.18
-18696.7 -10592.7 -8103.99
-18488 -10413.3 -8074.64
-18399.1 -10380.1 -8019
-18399.2 -10392.5 -8006.71
-18444.2 -10456.8 -7987.37
-18411 -10462.1 -7948.9
-18509.9 -10517.4 -7992.47
-18416.7 -10433.8 -7982.94
-18427.9 -10395 -8032.93
-18514.4 -10446.8 -8067.56
-18477.7 -10406.7 -8070.96
-18451.5 -10405.4 -8046.09
-18419.7 -10397.1 -8022.64
-18418.3 -10424.1 -7994.21
-18380.5 -10354.2 -8026.31
-18469.7 -10406.1 -8063.61
-18441 -10411 -8030.02
-18438.4 -10380 -8058.38
-18459.7 -10404.5 -8055.19
-18396.9 -10367.6 -8029.3
-18403.6 -10373.6 -8029.98
-18429.4 -10403.3 -8026.15
-18287.5 -10285.6 -8001.93
-18416.6 -10372.7 -8043.82
-18419.5 -10369.3 -8050.28
-18505.8 -10409.8 -8096.01
-18483.4 -10423.6 -8059.81
-18499.6 -10447.5 -8052.13
-18510.4 -10460.9 -8049.54
-18455.1 -10405.1 -8049.98
-18466.8 -10356.4 -8110.38
-18390.8 -10282 -8108.76
-18438.1 -10318.7 -8119.41
-18467.7 -10295.7 -8172.01
-18523.5 -10329.7 -8193.81
-18504.5 -10320.5 -8184.02
-18572.1 -10341 -8231.09
-18473.4 -10294.3 -8179.04
-18657.4 -10417.2 -8240.14
-18634.4 -10404.1 -8230.3
-18594.4 -10394.4 -8199.94
-18621.4 -10454 -8167.43
-18637.3 -10484.6 -8152.7
-18817.7 -10732.4 -8085.26
-18690.5 -10611.3 -8079.21
-18635.1 -10581.3 -8053.82
-18648.5 -10561.7 -8086.72
-18641.5 -10602.5 -8039.04
-18561.2 -10510.4 -8050.74
-18510.7 -10470.9 -8039.79
-18506.2 -10486.8 -8019.4
-18566.9 -10479.3 -8087.65
-18535.5 -10446.8 -8088.66
-18543.3 -10457.6 -8085.73
-18442.6 -10439.2 -8003.39
-18504.5 -10530.1 -7974.38
-18489.5 -10493.3 -7996.24
-18552.1 -10551.2 -8000.92
-18458.8 -10463.2 -7995.6
-18515.5 -10517.1 -7998.31
-18404 -10409.8 -7994.21
-18476.2 -10478.8 -7997.44
-18543.2 -10484.5 -8058.75
-18524.4 -10498.7 -8025.75
-18480 -10465.4 -8014.63
-18493.8 -10487.4 -8006.31
-18396.4 -10434.3 -7962.09
-18294.2 -10360.4 -7933.81
-18262.4 -10344.7 -7917.77
-18173.7 -10263.4 -7910.24
-18340.1 -10364.8 -7975.27
-18342.3 -10352.7 -7989.66
-18356.2 -10344.6 -8011.58
-18459.9 -10435.2 -8024.73
-18323.2 -10330.2 -7993.01
-18444 -10431.2 -8012.8
-18340.4 -10378.5 -7961.93
-18166.4 -10222.2 -7944.17
-18178.5 -10217.5 -7960.98
-18198.5 -10237.1 -7961.34
-18259.4 -10300.8 -7958.61
-18266.6 -10317.4 -7949.12
-18350.6 -10370.8 -7979.71
-18381.4 -10413.3 -7968.12
-18312.9 -10349.2 -7963.7
-18293.9 -10329.6 -7964.28
-18319.8 -10340.4 -7979.43
-18379.7 -10387.5 -7992.25
-18530 -10499.8 -8030.21
-18417.4 -10416.4 -8001.04
-18429 -10441.4 -7987.67
-18352.8 -10406.8 -7945.99
-18413.5 -10430.2 -7983.26
-18403.7 -10433.4 -7970.28
-18416.6 -10471.1 -7945.46
-18353.2 -10408.4 -7944.75
-18175 -10307 -7868.03
-18155.7 -10262.2 -7893.45
-18152.3 -10283.3 -7869.01
-18162.9 -10288.5 -7874.38
-18230.1 -10354.8 -7875.31
-18238 -10339.8 -7898.23
-18392.8 -10432.8 -7960.03
-18380.6 -10469.4 -7911.19
-18376.2 -10455.3 -7920.85
-18373.8 -10442.4 -7931.35
-18228.9 -10336.2 -7892.67
-18340.9 -10404.7 -7936.23
-18375.3 -10408.6 -7966.67
-18331.5 -10410.6 -7920.88
-18299.8 -10395.9 -7903.91
-18199.5 -10341.4 -7858.09
-18257.1 -10345.1 -7911.99
-18131.8 -10281 -7850.84
-18107.8 -10270 -7837.87
-18196.2 -10343.8 -7852.41
-18177.6 -10323.9 -7853.63
-18181.7 -10367.7 -7813.95
-18215.3 -10372.2 -7843.11
-18314.8 -10435.4 -7879.42
-18338.5 -10461.9 -7876.57
-18346.5 -10457.8 -7888.72
-18232.4 -10339.6 -7892.82
-18262.6 -10357.6 -7904.99
-18338.5 -10397.1 -7941.46
-18331.2 -10418.5 -7912.72
-18341.7 -10412.4 -7929.31
-18300 -10398.7 -7901.25
-18230 -10359.2 -7870.75
-18158.4 -10339.3 -7819.13
-18224.6 -10369.1 -7855.5
-18137.4 -10318.7 -7818.66
-18235.2 -10435 -7800.16
-18288.9 -10508.3 -7780.52
-18254.6 -10477.6 -7777.01
-18290.5 -10495.3 -7795.24
-18345.4 -10550.2 -7795.18
-18398 -10541.2 -7856.84
-18392.4 -10534.7 -7857.67
-18371.1 -10507.4 -7863.68
-18241.1 -10404.3 -7836.8
-18221.1 -10372.3 -7848.88
-18258.3 -10381.1 -7877.27
-18208.4 -10329.6 -7878.79
-18354.8 -10448.7 -7906.14
-18364 -10507.5 -7856.52
-18284.7 -10434.9 -7849.74
-18314.3 -10457.5 -7856.79
-18270 -10447.6 -7822.48
-18304.5 -10494.5 -7810
-18191.6 -10427.2 -7764.37
-18162.7 -10380.5 -7782.19
-18316.1 -10500.7 -7815.41
-18424.5 -10554.1 -7870.36
-18280 -10436.4 -7843.63
-18201.7 -10370.2 -7831.51
-18226.5 -10399.1 -7827.4
-18159.3 -10360.8 -7798.58
-18077.9 -10323 -7754.91
-18131.5 -10351 -7780.47
-18336.6 -10482.5 -7854.12
-18260.8 -10462.5 -7798.29
-18339 -10562.6 -7776.37
-18243.4 -10514.5 -7728.88
-18226.7 -10474.4 -7752.35
-18412.3 -10574.8 -7837.5
-18366.9 -10530.2 -7836.7
-18331.4 -10499.7 -7831.76
-18289.2 -10476.1 -7813.1
-18357.1 -10534.5 -7822.6
-18334.4 -10533.1 -7801.33
-18339.3 -10503.4 -7835.91
-18359.2 -10557 -7802.16
-18294 -10514.5 -7779.47
-18340.5 -10511.7 -7828.79
-18283.5 -10459.5 -7823.97
-18342.3 -10485.9 -7856.34
-18378.8 -10538.8 -7839.99
-18368.9 -10508 -7860.91
-18294.1 -10496.7 -7797.4
-18218.6 -10393.1 -7825.52
-18270.9 -10389.7 -7881.27
-18269.6 -10388.2 -7881.43
-18355.7 -10460.2 -7895.48
-18430.9 -10475.7 -7955.14
-18416.2 -10482.8 -7933.46
-18413 -10471.5 -7941.47
-18539.7 -10580.3 -7959.43
-18485.4 -10550.4 -7934.98
-18487.3 -10540.4 -7946.94
-18419.4 -10480.6 -7938.75
-18470.6 -10504.5 -7966.11
-18413 -10447.6 -7965.36
-18387.9 -10393 -7994.92
-18386.4 -10418.4 -7967.99
-18394.9 -10447.7 -7947.17
-18456.8 -10475.9 -7980.91
-18508.7 -10542.3 -7966.43
-18442.1 -10511.5 -7930.7
-18343.2 -10441.2 -7902.01
-18399 -10503.7 -7895.34
-18400.5 -10532.6 -7867.84
-18421.3 -10528.8 -7892.48
-18435.9 -10524.8 -7911.09
-18390.7 -10525.9 -7864.8
-18314.9 -10460.2 -7854.69
-18396.6 -10546.5 -7850.12
-18370.4 -10536.2 -7834.18
-18271.6 -10428.8 -7842.83
-18267.4 -10412.9 -7854.52
-18289.7 -10438.5 -7851.25
-18303.9 -10472.1 -7831.83
-18400.3 -10512.4 -7887.9
-18309.9 -10380.6 -7929.31
-18272.5 -10350.3 -7922.22
-18228 -10314.2 -7913.82
-18221.4 -10322 -7899.32
-18200.5 -10302.9 -7897.66
-18189.3 -10312.8 -7876.5
-18125.6 -10276.8 -7848.77
-18272.3 -10408.4 -7863.92
-18261.9 -10378.4 -7883.47
-18320.9 -10466 -7854.85
-18222.6 -10380.9 -7841.62
-18176.1 -10349.4 -7826.7
-18258.3 -10389.9 -7868.38
-18260.7 -10389 -7871.72
-18229.9 -10379.3 -7850.64
-18269.2 -10388.4 -7880.8
-18344.2 -10419.8 -7924.34
-18337.3 -10425.9 -7911.35
-18379.3 -10434.4 -7944.89
-18382.5 -10443.8 -7938.72
-18346.9 -10361 -7985.91
-18403.4 -10389.9 -8013.48
-18407.4 -10397.4 -8009.97
-18370.9 -10412.3 -7958.61
-18363.6 -10424.7 -7938.89
-18356.6 -10395.4 -7961.16
-18350.2 -10391.3 -7958.89
-18368 -10402.1 -7965.92
-18457.9 -10495.1 -7962.8
-18327.7 -10423.5 -7904.19
-18362.8 -10433.9 -7928.9
-18418.7 -10479.4 -7939.34
-18492.7 -10538.9 -7953.82
-18399.3 -10515.5 -7883.81
-18265.7 -10422.9 -7842.81
-18340.8 -10493 -7847.74
-18337.8 -10487.2 -7850.58
-18364.6 -10537.9 -7826.71
-18285.2 -10475.5 -7809.74
-18312.5 -10504.1 -7808.37
-18323.6 -10530.5 -7793.08
-18366 -10567.9 -7798.01
-18376.3 -10546 -7830.32
-18385.5 -10534.6 -7850.9
-18440.1 -10577.5 -7862.55
-18358.4 -10508.8 -7849.58
-18259.7 -10485.9 -7773.86
-18280.9 -10540.1 -7740.83
-18354.1 -10551.5 -7802.6
-18278.8 -10465.4 -7813.41
-18348.8 -10521.1 -7827.75
-18299.6 -10473.7 -7825.9
-18249.5 -10417.8 -7831.7
-18250.6 -10417.8 -7832.85
-18236.2 -10428.8 -7807.47
-18264.5 -10443.6 -7820.87
-18158.8 -10397.8 -7760.97
-18172.6 -10402.8 -7769.75
-18101.1 -10343.5 -7757.57
-18097.4 -10345.9 -7751.42
-18150.7 -10403.1 -7747.55
-18199 -10409.4 -7789.61
-18231.8 -10434.5 -7797.25
-18271.9 -10449.1 -7822.86
-18268 -10468.7 -7799.34
-18474.8 -10604.8 -7869.96
-18393.1 -10501.9 -7891.23
-18248 -10392.5 -7855.54
-18293.7 -10400.8 -7892.84
-18320.7 -10442 -7878.75
-18335.7 -10512.5 -7823.17
-18285.2 -10466 -7819.17
-18334.6 -10495.1 -7839.54
-18310.8 -10487.6 -7823.18
-18410.7 -10571.4 -7839.23
-18282.3 -10432.6 -7849.76
-18266.6 -10436.9 -7829.66
-18240.7 -10384.8 -7855.91
-18243.9 -10398.1 -7845.85
-18299.9 -10425.1 -7874.84
-18431.9 -10549.4 -7882.46
-18384.1 -10495.2 -7888.94
-18450.3 -10506.3 -7944.06
-18477.6 -10522.3 -7955.26
-18423.9 -10481.9 -7941.93
-18353.8 -10376.1 -7977.65
-18465.6 -10458.8 -8006.81
-18316.6 -10335 -7981.54
-18253.7 -10243.3 -8010.35
-18426.4 -10366.5 -8059.87
-18451.8 -10409.9 -8041.87
-18430.3 -10358.8 -8071.54
-18412.1 -10338.6 -8073.5
-18562.9 -10457.2 -8105.74
-18411 -10371.3 -8039.77
-18445.1 -10410.9 -8034.22
-18324.1 -10306 -8018.15
-18423.1 -10365.9 -8057.21
-18478.4 -10444.5 -8033.92
-18439.5 -10392.5 -8047.05
-18415.4 -10401.6 -8013.74
-18478.9 -10424.2 -8054.68
-18391.4 -10332.8 -8058.67
-18507 -10435.9 -8071.07
-18448.2 -10420.3 -8027.97
-18452.9 -10413.7 -8039.25
-18531 -10485.3 -8045.78
-18533.8 -10462.8 -8071.06
-18367.9 -10343.4 -8024.54
-18472.8 -10417.2 -8055.59
-18430.6 -10382 -8048.6
-18431.4 -10386 -8045.43
-18424.9 -10404 -8020.91
-18282.9 -10295 -7987.92
-18433.7 -10391.1 -8042.54
-18283.8 -10304.4 -7979.42
-18393.9 -10393.8 -8000.09
-18421.1 -10434.1 -7987.02
-18364.6 -10381.1 -7983.55
-18307.5 -10340.5 -7966.94
-18203.2 -10292 -7911.18
-18196.8 -10267.1 -7929.68
-18165.4 -10251.7 -7913.68
-18198.9 -10284.7 -7914.15
-18231.3 -10319.9 -7911.4
-18220.1 -10305.9 -7914.25
-18342.8 -10439.2 -7903.66
-18334.4 -10390.3 -7944.07
-18339.2 -10431.5 -7907.68
-18215.1 -10392.4 -7822.7
-18111.6 -10297.8 -7813.8
-18137.9 -10325 -7812.93
-18144.8 -10351.9 -7792.94
-18084.4 -10284.7 -7799.63
-18037.7 -10235.5 -7802.21
-17997.6 -10171 -7826.67
-18069.2 -10229.4 -7839.82
-18061.5 -10235.2 -7826.29
-18097.7 -10262.9 -7834.9
-18177.1 -10360.6 -7816.56
-18146.9 -10310.3 -7836.6
-18139 -10313.3 -7825.65
-18238.9 -10406.9 -7832.05
-18133.8 -10306.1 -7827.73
-18243.4 -10402.8 -7840.52
-18261.9 -10368.8 -7893.1
-18300.4 -10447.2 -7853.22
-18208.6 -10366.8 -7841.82
-18318 -10461.2 -7856.81
-18260.9 -10402.3 -7858.69
-18119.8 -10302.9 -7816.91
-18258.3 -10436.6 -7821.7
-18241.7 -10453.5 -7788.18
-18258.7 -10456.5 -7802.19
-18271.9 -10484.1 -7787.74
-18203.7 -10424.2 -7779.56
-18186.1 -10385.8 -7800.29
-18116 -10356.9 -7759.05
-18105.9 -10287.8 -7818.13
-18226.9 -10341.8 -7885.15
-18237.4 -10363.7 -7873.75
-18257.8 -10397.9 -7859.91
-18145.7 -10314.8 -7830.89
-18099.3 -10288.8 -7810.49
-18077.3 -10296.1 -7781.24
-18126.2 -10333 -7793.19
-18239.4 -10413.9 -7825.45
-18228.8 -10430 -7798.82
-18169.2 -10417.9 -7751.37
-18087 -10337.7 -7749.24
-18053.3 -10334.9 -7718.39
-18058.1 -10323.1 -7735.05
-18067.5 -10303.6 -7763.93
-18029.7 -10289.5 -7740.2
-18195.3 -10418.5 -7776.88
-18279.4 -10459.3 -7820.17
-18331.1 -10501 -7830.08
-18285.9 -10425.2 -7860.7
-18158.3 -10344.2 -7814.13
-18203.9 -10406.7 -7797.18
-18137.5 -10336.3 -7801.18
-18048.4 -10238.2 -7810.27
-18297.8 -10439.6 -7858.18
-18272 -10418 -7853.93
-18211.7 -10394.8 -7816.89
-18218.9 -10415.9 -7803.05
-18084.5 -10283 -7801.58
-18110.4 -10330.4 -7779.93
-18087.1 -10327.8 -7759.38
-18011 -10268.3 -7742.76
-18125.2 -10331.5 -7793.72
-18194 -10401.7 -7792.4
-18076.5 -10314.6 -7761.87
-18088.7 -10326.7 -7762.01
-18129.9 -10341.2 -7788.66
-18097.8 -10327.9 -7769.94
-18171.6 -10377.5 -7794.09
-18057.6 -10280.9 -7776.78
-18121 -10289.2 -7831.78
-18136.7 -10313.3 -7823.43
-18160 -10335.6 -7824.43
-18096.7 -10303.5 -7793.29
-18180.2 -10377.7 -7802.45
-18225.6 -10427.7 -7797.9
-18211.5 -10428.1 -7783.47
-18306 -10469.6 -7836.32
-18229.6 -10431.3 -7798.32
-18214.5 -10431.2 -7783.27
-18243.6 -10442.9 -7800.72
-18135.1 -10345.6 -7789.48
-18193.5 -10379.4 -7814.11
-18170.3 -10379.8 -7790.46
-18102.6 -10325.8 -7776.79
-17961.4 -10240.6 -7720.83
-17972.5 -10230.7 -7741.72
-17980.3 -10222.6 -7757.66
-17879.4 -10151 -7728.32
-17852 -10088.3 -7763.69
-17957 -10183.4 -7773.62
-17958.1 -10207.8 -7750.25
-18004.4 -10246.6 -7757.84
-18181.9 -10380.6 -7801.24
-18398.6 -10599.5 -7799.16
-18317.6 -10490.3 -7827.3
-18193.6 -10396.4 -7797.21
-18313.5 -10504.9 -7808.65
-18315.5 -10491 -7824.54
-18357.6 -10490.1 -7867.46
-18232.9 -10409.9 -7822.97
-18236.7 -10377.8 -7858.91
-18145.4 -10324.9 -7820.47
-18122.2 -10308.5 -7813.64
-18166.5 -10320.6 -7845.85
-18147.7 -10311.4 -7836.28
-18283.6 -10411.5 -7872.16
-18323.5 -10446 -7877.52
-18300.5 -10425.1 -7875.39
-18140.8 -10314.9 -7825.87
-18077.9 -10275.7 -7802.22
-18162 -10312 -7850.02
-18206.2 -10329.2 -7877.03
-18144.9 -10320.5 -7824.35
-18101 -10296.7 -7804.33
-18176.6 -10297.8 -7878.81
-18174.4 -10271.5 -7902.88
-18159.4 -10220.3 -7939.14
-18302.8 -10326 -7976.82
-18306.1 -10332.6 -7973.42
-18183 -10221.9 -7961.06
-18167 -10202.1 -7964.96
-18140 -10192.5 -7947.55
-18116.1 -10191.1 -7924.97
-18245.9 -10278.1 -7967.78
-18195.7 -10224.8 -7970.91
-18251.2 -10280.8 -7970.38
-18320.6 -10335.2 -7985.42
-18393.2 -10392.7 -8000.57
-18226.7 -10289.3 -7937.49
-18273.7 -10334.1 -7939.6
-18265.2 -10305.4 -7959.77
-18190.7 -10235.9 -7954.75
-18154.7 -10202.7 -7952.03
-18136.4 -10196 -7940.43
-18099.5 -10189.1 -7910.38
-18191.2 -10247.1 -7944.05
-18212.6 -10244.7 -7967.93
-18207.8 -10240 -7967.82
-18302.3 -10316.7 -7985.62
-18155.3 -10196.2 -7959.1
-18240.6 -10256 -7984.52
-18193.3 -10190.6 -8002.74
-18145.8 -10174.3 -7971.52
-18108.8 -10148.1 -7960.73
-18208.1 -10219.5 -7988.54
-18234.8 -10225.5 -8009.28
-18145.2 -10165.6 -7979.55
-18164.1 -10184.2 -7979.95
-18095.9 -10096.9 -7998.99
-18027.8 -10066.4 -7961.4
-18136.9 -10171.8 -7965.1
-18206.2 -10245.3 -7960.92
-18193.6 -10266.1 -7927.5
-18202.5 -10282.9 -7919.62
-18148.3 -10222.4 -7925.82
-18095.7 -10210.5 -7885.27
-18106.7 -10232.9 -7873.8
-18085.7 -10238.2 -7847.57
-18161 -10273.1 -7887.89
-18204.6 -10313.1 -7891.51
-18254.3 -10387 -7867.29
-18171.6 -10316.2 -7855.41
-18256.2 -10351.9 -7904.38
-18275.9 -10362.2 -7913.74
-18313 -10378.9 -7934.01
-18300 -10376.5 -7923.46
-18243.1 -10344.6 -7898.49
-18228.1 -10314.9 -7913.19
-18292 -10337.3 -7954.67
-18175.5 -10241.7 -7933.82
-18219 -10258.8 -7960.19
-18296.5 -10296.7 -7999.84
-18260.2 -10279 -7981.16
-18249.4 -10275.2 -7974.26
-18152.2 -10180.7 -7971.46
-18231.3 -10247.9 -7983.39
-18352.5 -10342.9 -8009.62
-18318 -10312.9 -8005.08
-18324.7 -10340.7 -7984
-18248.5 -10271.7 -7976.74
-18221.5 -10237.1 -7984.41
-18288.2 -10267.7 -8020.51
-18193.1 -10221.1 -7972.02
-18260.5 -10307 -7953.51
-18332.4 -10368 -7964.4
-18314 -10335.4 -7978.59
-18274.2 -10340 -7934.22
-18289.5 -10374.4 -7915.11
-18380.7 -10428.3 -7952.45
-18428.3 -10482.4 -7945.96
-18388.6 -10432.7 -7955.86
-18392.8 -10446.5 -7946.28
-18329 -10374.5 -7954.53
-18463.5 -10485.2 -7978.26
-18403.1 -10399.6 -8003.5
-18445.3 -10413.4 -8031.95
-18340.2 -10321.4 -8018.88
-18236.3 -10214.4 -8021.89
-18397 -10320.4 -8076.59
-18487.1 -10403.8 -8083.29
-18481.8 -10361.9 -8119.88
-18608 -10484.6 -8123.34
-18602 -10482.7 -8119.34
-18487.4 -10382.6 -8104.73
-18469.6 -10375.6 -8093.98
-18508.4 -10362.2 -8146.28
-18524.7 -10343.5 -8181.15
-18471.2 -10303 -8168.14
-18520.1 -10317.3 -8202.81
-18570.8 -10355.5 -8215.31
-18554.8 -10376.5 -8178.29
-18559.2 -10377.7 -8181.49
-18537.5 -10358.5 -8178.97
-18526.7 -10355.7 -8171.01
-18426.9 -10273.3 -8153.56
-18385.1 -10248.7 -8136.47
-18432.3 -10276.3 -8155.99
-18500.6 -10353 -8147.62
-18503.7 -10364.6 -8139.09
-18520 -10360.3 -8159.73
-18440.3 -10309.1 -8131.14
-18359.2 -10282.7 -8076.52
-18419.3 -10300.3 -8119.04
-18458.1 -10332.2 -8125.91
-18433.3 -10355.9 -8077.35
-18501.6 -10375.5 -8126.06
-18514.5 -10361 -8153.56
-18533.8 -10375.8 -8157.96
-18519.4 -10369.2 -8150.26
-18456.2 -10363.6 -8092.53
-18503.5 -10407.8 -8095.69
-18409.9 -10352 -8057.94
-18475 -10436 -8038.94
-18537.2 -10452.1 -8085.1
-18559.5 -10402.7 -8156.77
-18530.2 -10392.9 -8137.28
-18510 -10369.5 -8140.55
-18482.2 -10360.6 -8121.56
-18540.1 -10410.1 -8129.95
-18533.4 -10418.4 -8114.97
-18384.2 -10314.7 -8069.47
-18359.3 -10296.1 -8063.2
-18445.7 -10333.4 -8112.33
-18542.6 -10431.5 -8111.14
-18408 -10372 -8036.04
-18315.3 -10342 -7973.35
-18280.6 -10305.4 -7975.21
-18246.5 -10318.7 -7927.76
-18285.1 -10319.5 -7965.57
-18284.5 -10296.7 -7987.79
-18295 -10301.4 -7993.58
-18348.6 -10376.1 -7972.52
-18355.8 -10358.9 -7996.94
-18393.8 -10407.6 -7986.19
-18330.2 -10358.8 -7971.38
-18334.7 -10346.4 -7988.38
-18352.8 -10366.2 -7986.55
-18314.9 -10350.3 -7964.55
-18243.7 -10269.4 -7974.27
-18315.2 -10355.1 -7960.09
-18268.3 -10324.9 -7943.35
-18300.1 -10324.9 -7975.23
-18320 -10331.7 -7988.27
-18318 -10334.9 -7983.12
-18392.2 -10422.5 -7969.69
-18430.8 -10475.5 -7955.34
-18348.7 -10406.2 -7942.57
-18383.6 -10409.9 -7973.74
-18363.8 -10372.3 -7991.56
-18310.6 -10373.8 -7936.75
-18476.8 -10480.7 -7996.05
-18454.3 -10453.2 -8001.12
-18357.5 -10356.5 -8001.06
-18426.8 -10404.3 -8022.54
-18343 -10321.9 -8021.1
-18350.5 -10297.4 -8053.11
-18308.2 -10295.4 -8012.81
-18439.3 -10382.2 -8057.15
-18323.6 -10242.1 -8081.44
-18413.5 -10334.4 -8079.04
-18388.9 -10329.8 -8059.07
-18438.8 -10396.7 -8042.05
-18255.8 -10257.7 -7998.16
-18259.2 -10300.8 -7958.4
-18291.2 -10303.9 -7987.29
-18312.5 -10315.3 -7997.18
-18320 -10302.5 -8017.46
-18401.4 -10395.1 -8006.24
-18343 -10359.5 -7983.49
-18297 -10374.6 -7922.41
-18320.7 -10335.9 -7984.77
-18206 -10293 -7913.05
-18237.8 -10325.6 -7912.26
-18221.3 -10302.4 -7918.91
-18265.6 -10317.5 -7948.18
-18297.6 -10309.9 -7987.69
-18433.1 -10360.5 -8072.63
-18238.6 -10231.5 -8007.1
-18477.2 -10434.4 -8042.77
-18454.4 -10449.2 -8005.12
-18362.3 -10351.7 -8010.6
-18349.2 -10357.5 -7991.73
-18437.9 -10393.6 -8044.31
-18515 -10443 -8072.02
-18373.1 -10344.3 -8028.81
-18394.5 -10413 -7981.51
-18414.6 -10464.9 -7949.74
-18482.7 -10527.4 -7955.31
-18340.7 -10425.6 -7915.12
-18316.6 -10388.3 -7928.35
-18290.7 -10402.2 -7888.46
-18337.1 -10385.9 -7951.22
-18390.6 -10388.3 -8002.3
-18367.6 -10359.2 -8008.34
-18380.8 -10338 -8042.87
-18458.1 -10386.3 -8071.82
-18451.9 -10381 -8070.98
-18373.6 -10303.4 -8070.22
-18299.8 -10228.9 -8070.96
-18342.1 -10292.8 -8049.31
-18340.5 -10238.8 -8101.68
-18377.2 -10289.2 -8088.04
-18337.8 -10236.3 -8101.52
-18431.7 -10306.5 -8125.2
-18448.1 -10325.5 -8122.58
-18472.1 -10382.9 -8089.15
-18459.6 -10367 -8092.67
-18439.8 -10365.8 -8074.08
-18461.2 -10381.9 -8079.26
-18480.7 -10369.8 -8110.84
-18545.4 -10412 -8133.38
-18529 -10358.3 -8170.73
-18501.9 -10341 -8160.91
-18574.8 -10364 -8210.73
-18599.3 -10373.2 -8226.14
-18487 -10264.9 -8222.05
-18622.7 -10391.1 -8231.63
-18616.8 -10366.2 -8250.63
-18637 -10415.8 -8221.26
-18679.6 -10423.1 -8256.44
-18677.5 -10416.9 -8260.54
-18753.8 -10469.4 -8284.34
-18680 -10391.4 -8288.61
-18672.7 -10347.4 -8325.3
-18567 -10238.9 -8328.08
-18506.4 -10221.4 -8284.96
-18532 -10254.1 -8277.91
-18589.7 -10335.6 -8254.11
-18584.9 -10320.1 -8264.84
-18489.9 -10249.1 -8240.86
-18355.4 -10182 -8173.45
-18483.7 -10257.9 -8225.81
-18486.4 -10269.9 -8216.49
-18612 -10355.8 -8256.27
-18593.5 -10316.6 -8276.88
-18582.3 -10275 -8307.25
-18497 -10230 -8267.01
-18516.5 -10240.5 -8275.97
-18523.7 -10293.6 -8230.03
-18535.1 -10312.9 -8222.19
-18508.3 -10278.8 -8229.46
-18549.3 -10305.5 -8243.77
-18530.8 -10309.1 -8221.75
-18519.3 -10326.1 -8193.15
-18491.3 -10315.6 -8175.68
-18438.5 -10260.7 -8177.76
-18471.4 -10318 -8153.34
-18454.3 -10280.4 -8173.92
-18591.8 -10404.2 -8187.65
-18482.9 -10311.6 -8171.37
-18545.4 -10314.9 -8230.45
-18527.4 -10299.7 -8227.73
-18582 -10329.6 -8252.38
-18612.8 -10319.2 -8293.59
-18707.6 -10370.3 -8337.24
-18626.1 -10345.2 -8280.87
-18558.1 -10287 -8271.13
-18635.7 -10318 -8317.75
-18514.4 -10262.6 -8251.77
-18544.8 -10274.2 -8270.68
-18557.1 -10295.7 -8261.41
-18547.2 -10273 -8274.23
-18564.3 -10268.8 -8295.49
-18559.8 -10281.1 -8278.69
-18412.3 -10164.2 -8248.1
-18555.4 -10274.6 -8280.79
-18474.6 -10203.3 -8271.35
-18437.9 -10169 -8268.93
-18542.7 -10246.3 -8296.4
-18485.6 -10186.7 -8298.92
-18471.6 -10206.3 -8265.34
-18565.3 -10273.7 -8291.62
-18541.9 -10241.6 -8300.32
-18530.2 -10183.2 -8346.99
-18566.5 -10214.5 -8351.93
-18668.4 -10300.9 -8367.51
-18630.8 -10272.7 -8358.18
-18840.3 -10399.2 -8441.13
-18727.3 -10316.1 -8411.18
-18660 -10288.8 -8371.26
-18664.4 -10280.4 -8384.02
-18666 -10327.2 -8338.82
-18579.7 -10272.5 -8307.16
-18580.6 -10287 -8293.64
-18564.2 -10306.6 -8257.63
-18531.7 -10282.7 -8249.02
-18586.7 -10357.8 -8228.88
-18651.5 -10434.9 -8216.62
-18693.6 -10401.8 -8291.83
-18684.9 -10434.6 -8250.26
-18710.8 -10450.5 -8260.32
-18693.3 -10438 -8255.28
-18678.4 -10441.1 -8237.3
-18643.2 -10400.1 -8243.08
-18587.4 -10321.4 -8266.02
-18567.1 -10299.2 -8267.94
-18773.9 -10442.4 -8331.48
-18769.5 -10416 -8353.5
-18719.6 -10352.2 -8367.38
-18798.8 -10397.2 -8401.57
-18829.5 -10422.3 -8407.27
-18855.8 -10436.3 -8419.52
-18794.9 -10417.2 -8377.76
-18772.3 -10386.6 -8385.63
-18674.6 -10309.8 -8364.89
-18680.7 -10310.5 -8370.25
-18666.9 -10291.3 -8375.63
-18563.4 -10231.4 -8331.93
-18686.3 -10327.1 -8359.25
-18715.7 -10340.2 -8375.47
-18690.8 -10323.2 -8367.66
-18643.8 -10261.3 -8382.55
-18661.3 -10294.2 -8367.14
-18624.6 -10278 -8346.65
-18647.3 -10308.6 -8338.67
-18719.6 -10365.2 -8354.38
-18751.2 -10394.1 -8357.1
-18682.6 -10340.7 -8341.89
-18686 -10317.3 -8368.71
-18753.7 -10360 -8393.75
-18743.8 -10369.5 -8374.28
-18758.7 -10389.9 -8368.81
-18701 -10367.8 -8333.17
-18625.6 -10325.2 -8300.39
-18586.3 -10342.8 -8243.49
-18558.9 -10287.1 -8271.87
-18568.9 -10297.6 -8271.33
-18573.1 -10292.7 -8280.36
-18619.1 -10370.5 -8248.62
-18617.6 -10364.7 -8252.86
-18596.9 -10355.6 -8241.3
-18575.4 -10345.1 -8230.24
-18648.1 -10383.2 -8264.81
-18657.5 -10396.5 -8261
-18614.8 -10384.9 -8229.95
-18602.7 -10405.7 -8197.01
-18559.1 -10380 -8179.09
-18720 -10493.9 -8226.1
-18740.6 -10504.7 -8235.86
-18742.4 -10496.2 -8246.14
-18769.9 -10487.1 -8282.81
-18773.2 -10458.9 -8314.33
-18925.2 -10562.8 -8362.36
-18811.2 -10491.5 -8319.7
-18754.1 -10455.6 -8298.45
-18690.8 -10398.5 -8292.32
-18752.6 -10494.8 -8257.81
-18656.7 -10439.9 -8216.78
-18501.1 -10357.2 -8143.94
-18611.9 -10443.1 -8168.77
-18639.5 -10469.3 -8170.15
-18656 -10471.9 -8184.07
-18655.9 -10433.3 -8222.58
-18613.9 -10378.1 -8235.88
-18643.6 -10403.7 -8239.85
-18795.4 -10474.2 -8321.17
-18740.9 -10421.9 -8318.92
-18565.5 -10286.8 -8278.75
-18604.2 -10313.5 -8290.72
-18547.4 -10303.4 -8243.93
-18396 -10227.3 -8168.72
-18421.2 -10304.5 -8116.69
-18454.8 -10310.6 -8144.26
-18533.1 -10318 -8215.1
-18629.5 -10389.4 -8240.11
-18535.5 -10311.2 -8224.29
-18485.8 -10291.2 -8194.62
-18465.9 -10261 -8204.91
-18485.9 -10297.2 -8188.72
-18562.5 -10351.1 -8211.37
-18684.6 -10421.9 -8262.68
-18703.2 -10433.8 -8269.42
-18707.3 -10431.3 -8276.05
-18588.9 -10345.8 -8243.08
-18655.4 -10387.4 -8267.96
-18752.4 -10449.8 -8302.61
-18859.7 -10499.5 -8360.2
-18820.5 -10495.1 -8325.42
-18657.7 -10353.6 -8304.09
-18664.5 -10353.5 -8310.99
-18604.2 -10319.4 -8284.73
-18703.2 -10400.9 -8302.3
-18616.7 -10334 -8282.67
-18651 -10365.8 -8285.25
-18803.7 -10509.8 -8293.9
-18748.9 -10442.7 -8306.15
-18809.8 -10515.6 -8294.2
-18815 -10519.3 -8295.66
-18686.6 -10408.8 -8277.8
-18642 -10367.9 -8274.09
-18628.6 -10355.5 -8273.1
-18643.5 -10362.9 -8280.58
-18606.6 -10339.4 -8267.17
-18746.3 -10404.6 -8341.75
-18660.8 -10358.3 -8302.52
-18726.9 -10370.4 -8356.47
-18631 -10276.4 -8354.51
-18728.4 -10294.3 -8434.06
-18769.4 -10332.6 -8436.82
-18829.2 -10350.9 -8478.34
-18775.3 -10321 -8454.24
-18847.3 -10379.5 -8467.85
-18712.4 -10300.9 -8411.55
-18698.3 -10281.3 -8416.94
-18674.9 -10239.6 -8435.38
-18700.8 -10242.7 -8458.08
-18769.9 -10278.3 -8491.61
-18577.4 -10137.2 -8440.14
-18578.8 -10136.2 -8442.64
-18643.1 -10208.9 -8434.21
-18695.4 -10276.7 -8418.71
-18669.9 -10258.4 -8411.53
-18693 -10276.5 -8416.45
-18680.7 -10271.8 -8408.89
-18571.6 -10206.1 -8365.46
-18522.7 -10152 -8370.69
-18588 -10227.9 -8360.02
-18666.9 -10311.7 -8355.21
-18687.4 -10328.2 -8359.18
-18673.8 -10301.1 -8372.71
-18589.4 -10246.9 -8342.49
-18559.6 -10211.1 -8348.48
-18534.8 -10228.7 -8306.16
-18523.9 -10261.3 -8262.59
-18647.5 -10347.4 -8300.06
-18624.8 -10359.8 -8264.99
-18569 -10344.5 -8224.58
-18544.6 -10329.8 -8214.78
-18539 -10338.1 -8200.89
-18527.2 -10332.3 -8194.87
-18593.7 -10392.4 -8201.24
-18542.1 -10351.7 -8190.39
-18491 -10309 -8182
-18622.6 -10373.3 -8249.38
-18561.6 -10315.9 -8245.66
-18685.4 -10409.1 -8276.33
-18533.2 -10323.5 -8209.68
-18566 -10373.3 -8192.77
-18406.9 -10273.5 -8133.35
-18343.7 -10237.7 -8105.97
-18392.8 -10261.8 -8130.99
-18364.2 -10234.5 -8129.73
-18388.5 -10285.8 -8102.78
-18460.7 -10362.8 -8097.92
-18569.8 -10432.3 -8137.57
-18517 -10412.1 -8104.91
-18442 -10348.4 -8093.64
-18469.6 -10375.3 -8094.32
-18465.7 -10371.3 -8094.38
-18556 -10437.8 -8118.24
-18518.2 -10372.1 -8146.11
-18358.8 -10222.6 -8136.2
-18380 -10230.7 -8149.24
-18470.9 -10354.9 -8116.03
-18386.6 -10282.9 -8103.75
-18336.6 -10236.6 -8099.96
-18316.3 -10236.6 -8079.71
-18287.4 -10181.6 -8105.82
-18363.4 -10215.6 -8147.82
-18432 -10242.4 -8189.52
-18558.3 -10341.2 -8217.08
-18454.6 -10245.5 -8209.12
-18519.1 -10292.7 -8226.42
-18504.6 -10315.1 -8189.54
-18524.3 -10330.1 -8194.2
-18642.3 -10417.1 -8225.28
-18602.3 -10387.1 -8215.19
-18543.1 -10342.3 -8200.8
-18553.2 -10336.8 -8216.34
-18639.3 -10397.9 -8241.48
-18587.2 -10406.2 -8181.03
-18478.2 -10355.3 -8122.93
-18562.6 -10395.9 -8166.71
-18645.3 -10464.9 -8180.34
-18531.7 -10382.3 -8149.38
-18488.7 -10339.2 -8149.53
-18543.4 -10415.7 -8127.68
-18505.2 -10429.1 -8076.07
-18431.3 -10413.1 -8018.18
-18462.5 -10468.8 -7993.67
-18454.1 -10448.6 -8005.44
-18567.6 -10498.2 -8069.39
-18572 -10480.3 -8091.68
-18470.6 -10399.8 -8070.81
-18476.3 -10420.1 -8056.2
-18479.3 -10432 -8047.33
-18535.5 -10456.4 -8079.14
-18475.7 -10434.4 -8041.26
-18441.7 -10355.4 -8086.27
-18319.2 -10252.3 -8066.9
-18372.6 -10327.9 -8044.71
-18338.9 -10293.5 -8045.39
-18359 -10296.4 -8062.55
-18262 -10221.1 -8040.88
-18275.8 -10221.9 -8053.93
-18399.5 -10292.6 -8106.87
-18430.6 -10324.5 -8106.12
-18430.6 -10318.3 -8112.29
-18487.9 -10389.5 -8098.4
-18487.1 -10381.2 -8105.87
-18406.7 -10336.8 -8069.9
-18432.4 -10350.7 -8081.77
-18428.8 -10338.6 -8090.21
-18519.6 -10443 -8076.52
-18491.2 -10408.3 -8082.96
-18597.3 -10525.3 -8071.99
-18489.5 -10459.8 -8029.68
-18527.4 -10531.4 -7995.91
-18492.5 -10507 -7985.53
-18527.5 -10537.2 -7990.3
-18503.3 -10508.6 -7994.68
-18487.2 -10513.8 -7973.38
-18452.8 -10457.5 -7995.26
-18444.1 -10465 -7979.1
-18441.2 -10421.2 -8020.01
-18353.3 -10295.4 -8057.88
-18414.4 -10323.4 -8091.01
-18463.8 -10348.5 -8115.27
-18431.5 -10350.2 -8081.3
-18443.4 -10375.4 -8068.07
-18501.4 -10428.5 -8072.95
-18414.3 -10388.6 -8025.66
-18490.8 -10467.9 -8022.89
-18508.4 -10494 -8014.39
-18533.9 -10516.7 -8017.15
-18566.3 -10564.4 -8001.87
-18596.3 -10575.4 -8020.98
-18523 -10488.7 -8034.3
-18562 -10500.7 -8061.31
-18525 -10441.9 -8083.18
-18534.3 -10447.9 -8086.48
-18554 -10457.1 -8096.92
-18446.8 -10340.8 -8106.02
-18462.1 -10420.4 -8041.72
-18431.6 -10407.2 -8024.41
-18455.8 -10436.8 -8018.97
-18453.4 -10425.8 -8027.65
-18488.6 -10477.1 -8011.48
-18598.2 -10533.2 -8065.02
-18469.4 -10397.7 -8071.71
-18453.7 -10420.6 -8033.15
-18370.8 -10367.8 -8003.01
-18559.3 -10483.1 -8076.12
-18524.5 -10419.4 -8105.12
-18655.9 -10517.4 -8138.49
-18618.7 -10508.7 -8109.91
-18681.6 -10534.1 -8147.49
-18581.3 -10488.4 -8092.94
-18613.8 -10481.1 -8132.68
-18496.6 -10396.5 -8100.05
-18547.5 -10415.5 -8131.97
-18564.4 -10424.6 -8139.76
-18433.3 -10323.3 -8110
-18425.2 -10319.3 -8105.91
-18540.6 -10401.8 -8138.78
-18594.5 -10396.6 -8197.89
-18627 -10447.4 -8179.55
-18573.3 -10428.1 -8145.22
-18573.2 -10431.5 -8141.76
-18552.7 -10402.2 -8150.51
-18572.4 -10398.8 -8173.66
-18678.1 -10500.4 -8177.74
-18559.1 -10354.4 -8204.69
-18537.6 -10330.4 -8207.19
-18466.7 -10295.8 -8170.88
-18584.5 -10387.6 -8196.85
-18591.4 -10381.6 -8209.74
-18627 -10396.9 -8230.06
-18578.1 -10385.7 -8192.4
-18539.2 -10376.2 -8163
-18642.3 -10428.7 -8213.57
-18570.9 -10405.5 -8165.36
-18425.7 -10255.9 -8169.83
-18384.4 -10267.3 -8117.16
-18538.4 -10388.2 -8150.14
-18451 -10338.6 -8112.32
-18412.5 -10292.8 -8119.68
-18392.9 -10279.2 -8113.75
-18455 -10317.6 -8137.33
-18555 -10383.7 -8171.34
-18440.2 -10319.4 -8120.77
-18345.3 -10247.8 -8097.48
-18330.8 -10213.9 -8116.92
-18278.7 -10206.2 -8072.51
-18205.7 -10158.6 -8047.15
-18242.6 -10184.8 -8057.81
-18343.8 -10304.9 -8038.93
-18346.7 -10289.7 -8057.04
-18304.3 -10250.5 -8053.76
-18353.4 -10279.4 -8074.06
-18288.7 -10234.5 -8054.15
-18449.3 -10351.5 -8097.81
-18448.5 -10315 -8133.45
-18493.4 -10367.5 -8125.9
-18522 -10384.9 -8137.1
-18574.6 -10427.9 -8146.73
-18579.5 -10400.3 -8179.25
-18496.9 -10327 -8169.86
-18460.3 -10302.5 -8157.76
-18468.9 -10281.5 -8187.36
-18467 -10298.4 -8168.64
-18526.2 -10360.7 -8165.49
-18422.7 -10250.6 -8172.11
-18357.1 -10177.3 -8179.73
-18434.5 -10249.6 -8184.94
-18418.2 -10230.1 -8188.08
-18429.9 -10245.5 -8184.33
-18288.8 -10167.5 -8121.36
-18425.4 -10270.7 -8154.69
-18524.7 -10338.1 -8186.59
-18450.3 -10242.3 -8207.96
-18488.4 -10248.1 -8240.31
-18501 -10286.4 -8214.62
-18465 -10237.8 -8227.17
-18511.9 -10291 -8220.88
-18385.5 -10204.2 -8181.3
-18478.6 -10333.4 -8145.18
-18423.2 -10311.3 -8111.9
-18451.5 -10313.1 -8138.42
-18390.1 -10269.6 -8120.48
-18392.3 -10258.6 -8133.69
-18373.8 -10264.4 -8109.4
-18289.6 -10210.5 -8079.13
-18265.6 -10222.4 -8043.14
-18381.2 -10227.5 -8153.77
-18325 -10182.8 -8142.2
-18354.6 -10231.5 -8123.17
-18301.1 -10195.8 -8105.31
-18309.1 -10200 -8109.16
-18325 -10221.3 -8103.64
-18370.2 -10266.4 -8103.71
-18358 -10276.6 -8081.33
-18438.6 -10335.8 -8102.72
-18519.2 -10391.7 -8127.52
-18517.7 -10380.3 -8137.47
-18504.6 -10383.1 -8121.49
-18429.8 -10328.6 -8101.18
-18370.5 -10320.6 -8049.95
-18378.4 -10350.8 -8027.57
-18383 -10317 -8065.99
-18301.8 -10262.3 -8039.44
-18279.1 -10265 -8014.04
-18338.2 -10290.2 -8047.93
-18396.5 -10376.1 -8020.43
-18329.4 -10301.1 -8028.29
-18310.1 -10266.1 -8043.99
-18416.3 -10342.6 -8073.74
-18319 -10256.1 -8062.88
-18320.6 -10237.3 -8083.3
-18320 -10271.5 -8048.52
-18319.2 -10252.4 -8066.82
-18457.9 -10344.4 -8113.48
-18515.3 -10370.3 -8145.03
-18413.2 -10268.7 -8144.48
-18385 -10206.2 -8178.81
-18395.4 -10243.1 -8152.31
-18363.8 -10276.1 -8087.67
-18372.3 -10268.5 -8103.77
-18308.2 -10199 -8109.21
-18321.6 -10228.3 -8093.33
-18219.2 -10146.1 -8073.09
-18262.6 -10176.5 -8086.04
-18413.2 -10319 -8094.19
-18360.5 -10270.5 -8089.99
-18394.3 -10293.7 -8100.64
-18544 -10429.4 -8114.59
-18532.7 -10406.4 -8126.3
-18414.6 -10273.6 -8140.95
-18447.1 -10330.7 -8116.37
-18473.5 -10377 -8096.52
-18508.5 -10358.6 -8149.98
-18540.4 -10401.3 -8139.18
-18462.4 -10338.1 -8124.33
-18499.5 -10315.9 -8183.57
-18463 -10259.1 -8203.89
-18367.1 -10174.8 -8192.34
-18486.2 -10275.8 -8210.36
-18502 -10274.8 -8227.21
-18441.3 -10281 -8160.31
-18509.2 -10352 -8157.23
-18406.2 -10269.8 -8136.46
-18471.4 -10296.9 -8174.48
-18541.2 -10329.2 -8211.94
-18531.1 -10303.9 -8227.21
-18457.5 -10262.2 -8195.31
-18419.2 -10231.4 -8187.87
-18521.4 -10333.3 -8188.1
-18461.2 -10263.9 -8197.3
-18365.2 -10175.6 -8189.66
-18442.3 -10222 -8220.34
-18335.5 -10138.4 -8197.11
-18429.7 -10187.6 -8242.12
-18512.6 -10276.4 -8236.22
-18507.5 -10271 -8236.52
-18516.4 -10288.8 -8227.6
-18543.8 -10328.6 -8215.25
-18419.4 -10264.5 -8154.89
-18441.9 -10268 -8173.92
-18547.8 -10365.8 -8182.01
-18405.9 -10237.4 -8168.5
-18368.5 -10228.1 -8140.47
-18446.8 -10286.3 -8160.49
-18490.9 -10328 -8162.95
-18426.7 -10276.2 -8150.5
-18376.2 -10271.1 -8105.14
-18403.3 -10280 -8123.34
-18339.2 -10255.3 -8083.84
-18352.6 -10290.6 -8062.05
-18402.9 -10321.4 -8081.43
-18374.1 -10319.9 -8054.2
-18372.4 -10322.4 -8050.06
-18402.2 -10346.2 -8056.03
-18337.4 -10282.3 -8055.11
-18482.5 -10381.1 -8101.43
-18411.4 -10297.7 -8113.79
-18374.6 -10283.4 -8091.21
-18272.7 -10195.6 -8077.06
-18239.8 -10175.7 -8064.07
-18340.9 -10231.4 -8109.45
-18379.2 -10268.7 -8110.55
-18506.9 -10359.9 -8146.96
-18434.9 -10319.4 -8115.56
-18489.3 -10338.2 -8151.12
-18522.5 -10351.3 -8171.26
-18532 -10354.9 -8177.11
-18577.3 -10396.9 -8180.41
-18500.5 -10339.1 -8161.39
-18494.9 -10350.2 -8144.69
-18493.9 -10370.5 -8123.43
-18511.9 -10387.7 -8124.14
-18485.3 -10381.3 -8104.03
-18470.6 -10329.9 -8140.62
-18477.5 -10337.4 -8140.13
-18486.2 -10383.1 -8103.03
-18401.3 -10313.8 -8087.48
-18426.7 -10347.6 -8079.07
-18491.1 -10345.5 -8145.51
-18472.2 -10361.8 -8110.41
-18571.5 -10457.6 -8113.89
-18464.5 -10358.2 -8106.35
-18501.6 -10387.9 -8113.68
-18403.3 -10271.9 -8131.44
-18415.7 -10281.7 -8134.05
-18399.8 -10293.8 -8105.99
-18488.7 -10384.4 -8104.33
-18536.1 -10409.3 -8126.86
-18445.6 -10369.5 -8076.1
-18539.5 -10470.4 -8069.09
-18550.5 -10431.4 -8119.11
-18436.1 -10355.1 -8080.97
-18402.7 -10382.4 -8020.22
-18427.5 -10427.2 -8000.26
-18364.3 -10351.3 -8012.99
-18380.6 -10377.6 -8002.96
-18359.3 -10350.3 -8009.04
-18354.9 -10348.9 -8005.99
-18307.3 -10317.1 -7990.16
-18282.8 -10287.8 -7995.03
-18475.3 -10454.8 -8020.53
-18418.5 -10439.7 -7978.84
-18477.8 -10450.6 -8027.13
-18386.1 -10427.6 -7958.48
-18454.3 -10496.6 -7957.73
-18379.3 -10410.1 -7969.27
-18457.5 -10472.5 -7984.98
-18533.2 -10518.8 -8014.4
-18445.8 -10453.4 -7992.4
-18444.4 -10445.1 -7999.33
-18371 -10398.7 -7972.29
-18371 -10422.8 -7948.25
-18303.9 -10354.6 -7949.3
-18364.6 -10382.8 -7981.85
-18380.5 -10386.1 -7994.43
-18450.2 -10407.7 -8042.5
-18437.6 -10422 -8015.56
-18458.4 -10435.5 -8022.88
-18351.5 -10347.8 -8003.66
-18207.9 -10237.7 -7970.22
-18197.3 -10250.9 -7946.33
-18263.5 -10334.8 -7928.75
-18327.4 -10392.9 -7934.48
-18222.3 -10318.2 -7904.06
-18255.1 -10351.1 -7904.01
-18200.8 -10322.3 -7878.42
-18184.1 -10317.9 -7866.19
-18167.5 -10317.6 -7849.87
-18168.7 -10345.8 -7822.98
-18197.4 -10368.3 -7829.13
-18219.1 -10395.2 -7823.93
-18331.6 -10579.8 -7751.82
-18219.4 -10478.4 -7740.93
-18169.5 -10428.2 -7741.32
-18242.2 -10524 -7718.24
-18140 -10456.2 -7683.84
-18155.8 -10452 -7703.76
-18155.2 -10438.7 -7716.45
-18296.6 -10534.7 -7761.85
-18179 -10452.5 -7726.48
-18237.4 -10476.3 -7761.06
-18221.9 -10456.8 -7765.13
-18178 -10427.7 -7750.33
-18199.9 -10458.6 -7741.28
-18221.7 -10467.6 -7754.11
-18169.3 -10417 -7752.27
-18111 -10353.7 -7757.26
-18081.4 -10338.2 -7743.16
-18179.5 -10372.8 -7806.67
-18114.5 -10325.1 -7789.44
-18268.5 -10443.1 -7825.32
-18245.6 -10434.9 -7810.69
-18196.8 -10416.7 -7780.07
-18079.7 -10355.9 -7723.79
-18060.7 -10352.8 -7707.84
-18038 -10303.1 -7734.91
-18089 -10325.8 -7763.25
-18042.9 -10305.1 -7737.8
-18176.9 -10393.2 -7783.7
-18182.2 -10421.3 -7760.87
-18164.4 -10414.3 -7750.11
-18160.1 -10375.8 -7784.35
-18150 -10329 -7820.95
-18180.8 -10340.8 -7839.97
-18193.7 -10341.1 -7852.58
-18253.4 -10382.6 -7870.83
-18235 -10394.1 -7840.93
-18331 -10530.6 -7800.47
-18248 -10488.4 -7759.59
-18248.4 -10478.6 -7769.8
-18332.4 -10533.6 -7798.84
-18235 -10382.8 -7852.16
-18371.7 -10469.9 -7901.88
-18303.3 -10419.3 -7883.96
-18253.5 -10352.1 -7901.38
-18146.8 -10294.3 -7852.46
-18292.9 -10423.8 -7869.15
-18258.5 -10412.8 -7845.71
-18307.3 -10411.3 -7896
-18303.5 -10363.5 -7939.96
-18310.5 -10376.4 -7934.11
-18395.6 -10502.5 -7893.14
-18273.2 -10384.1 -7889.11
-18347.3 -10436.6 -7910.67
-18426.2 -10467.8 -7958.45
-18391.3 -10445.4 -7945.95
-18584.7 -10597.2 -7987.48
-18503.6 -10602.5 -7901.1
-18490.8 -10587.6 -7903.25
-18367.6 -10491.9 -7875.71
-18428.6 -10514.3 -7914.25
-18480.2 -10511.8 -7968.33
-18424.6 -10503.2 -7921.45
-18363.5 -10417.6 -7945.92
-18400.8 -10452.6 -7948.18
-18479.5 -10490.5 -7988.96
-18495.9 -10524.4 -7971.48
-18432.3 -10457.3 -7975.02
-18479.7 -10493.1 -7986.61
-18500.9 -10471.6 -8029.25
-18498 -10480.1 -8017.92
-18533.7 -10508.6 -8025.13
-18641.8 -10606.8 -8034.93
-18575.5 -10549.5 -8025.96
-18560.3 -10524.9 -8035.41
-18534.1 -10522.9 -8011.19
-18472.8 -10514 -7958.78
-18490.6 -10525.6 -7965
-18401.6 -10404.1 -7997.49
-18480.3 -10434.4 -8045.91
-18435.2 -10362.2 -8072.98
-18384.8 -10305.6 -8079.22
-18507.1 -10403.1 -8104.01
-18430.4 -10312.8 -8117.64
-18501.5 -10371.8 -8129.67
-18481.1 -10366.5 -8114.64
-18486 -10345.4 -8140.61
-18610.6 -10411.9 -8198.76
-18624 -10401.5 -8222.52
-18637 -10418.6 -8218.49
-18606.7 -10361.7 -8245.01
-18618.8 -10378.6 -8240.13
-18573.7 -10349.2 -8224.47
-18481 -10263 -8217.93
-18540.4 -10281.8 -8258.56
-18629.6 -10344.8 -8284.79
-18615.7 -10362 -8253.73
-18522 -10289.7 -8232.36
-18508.8 -10317.3 -8191.55
-18534.4 -10349.7 -8184.65
-18381.3 -10238 -8143.31
-18398.8 -10253 -8145.84
-18429.8 -10285.8 -8144.02
-18513.1 -10354.8 -8158.38
-18347.8 -10226.5 -8121.35
-18423 -10312.6 -8110.41
-18474.1 -10302.4 -8171.64
-18438.8 -10262.1 -8176.74
-18289 -10141.5 -8147.49
-18415.5 -10226.9 -8188.56
-18372.3 -10189.8 -8182.57
-18295.2 -10097.5 -8197.68
-18404.7 -10184.7 -8220.05
-18552.1 -10325.2 -8226.92
-18530.4 -10344.6 -8185.77
-18586.5 -10393.2 -8193.39
-18630.7 -10406.2 -8224.55
-18627.6 -10390 -8237.65
-18525.8 -10336.3 -8189.45
-18534.5 -10373.8 -8160.74
-18505.3 -10336.4 -8168.96
-18380.6 -10280.1 -8100.46
-18377.2 -10265.9 -8111.33
-18448.9 -10322.9 -8126.02
-18496.1 -10360.1 -8136.01
-18588.7 -10425 -8163.7
-18503 -10344.2 -8158.86
-18524.5 -10340.2 -8184.25
-18506.8 -10334.1 -8172.75
-18446.4 -10256.9 -8189.5
-18401.2 -10216.6 -8184.63
-18424 -10259.3 -8164.65
-18331.6 -10167.9 -8163.74
-18338.4 -10181.4 -8156.98
-18428.6 -10258.6 -8169.99
-18401.5 -10266.4 -8135.07
-18300.3 -10185.1 -8115.22
-18266.6 -10172.3 -8094.3
-18241.1 -10159.7 -8081.44
-18198.1 -10127.9 -8070.2
-18276 -10188.7 -8087.27
-18230.4 -10129.2 -8101.17
-18275.7 -10194.4 -8081.27
-18286.8 -10235.8 -8051.03
-18329.2 -10269 -8060.19
-18285.8 -10209 -8076.83
-18327.6 -10247.3 -8080.31
-18351.7 -10265.2 -8086.47
-18329.1 -10257.3 -8071.84
-18440.6 -10344.8 -8095.78
-18296.4 -10233.1 -8063.35
-18368.1 -10316.5 -8051.58
-18270 -10222 -8047.99
-18289.1 -10266.2 -8022.87
-18304.4 -10257.6 -8046.74
-18330.2 -10240.7 -8089.58
-18267.1 -10219.5 -8047.52
-18369 -10328 -8041.03
-18401.8 -10390.6 -8011.19
-18300.2 -10275 -8025.25
-18331.2 -10308.9 -8022.3
-18385.4 -10365.7 -8019.66
-18309.1 -10314.4 -7994.73
-18370.9 -10335.5 -8035.38
-18469.1 -10417.1 -8052.04
-18301.2 -10228.4 -8072.77
-18496.9 -10350.7 -8146.24
-18430.5 -10319.3 -8111.2
-18468.3 -10358.5 -8109.8
-18388 -10287.3 -8100.75
-18336.4 -10233.5 -8102.95
-18389.1 -10272.6 -8116.51
-18396.3 -10257.1 -8139.18
-18371.1 -10227.3 -8143.83
-18435.5 -10291.7 -8143.8
-18473.5 -10359.9 -8113.68
-18514.2 -10403.8 -8110.39
-18488.2 -10373.5 -8114.77
-18461.1 -10364.7 -8096.31
-18302.9 -10243.9 -8059.04
-18258 -10228.7 -8029.34
-18339.7 -10301.7 -8037.97
-18339.8 -10296.1 -8043.73
-18414.1 -10338.8 -8075.25
-18360.9 -10306.7 -8054.29
-18308.6 -10252.6 -8055.96
-18155.9 -10167.7 -7988.15
-18252 -10252.6 -7999.38
-18306.7 -10271.6 -8035.03
-18289.1 -10258.8 -8030.3
-18392.6 -10357.2 -8035.43
-18335.4 -10321.6 -8013.86
-18311.1 -10308.9 -8002.19
-18279.7 -10288 -7991.72
-18292.2 -10315.4 -7976.76
-18302.6 -10308 -7994.57
-18263.1 -10285.2 -7977.87
-18265 -10288.3 -7976.78
-18267.1 -10333.7 -7933.36
-18216.3 -10277.2 -7939.1
-18211.9 -10289 -7922.95
-18171.2 -10253.7 -7917.5
-18187.2 -10232.2 -7954.95
-18201.5 -10238.1 -7963.4
-18253.5 -10289.2 -7964.31
-18341.7 -10355.7 -7986
-18292.3 -10330 -7962.33
-18331.3 -10361.5 -7969.73
-18421.4 -10472.7 -7948.68
-18548.8 -10587.3 -7961.51
-18466.3 -10504.5 -7961.8
-18412.6 -10466.8 -7945.79
-18387.7 -10471.7 -7915.99
-18317.7 -10417 -7900.62
-18221.7 -10342.2 -7879.56
-18291.2 -10364.8 -7926.44
-18318.7 -10408.6 -7910.09
-18205.1 -10325.8 -7879.24
-18325.5 -10390.8 -7934.73
-18102.9 -10210.3 -7892.63
-18168.8 -10320.6 -7848.16
-18030.1 -10232.3 -7797.84
-18090.4 -10259.2 -7831.2
-18191.2 -10335.8 -7855.31
-18120.7 -10277 -7843.68
-18211.3 -10364 -7847.31
-18207.7 -10407.7 -7799.98
-18354.9 -10541.8 -7813.13
-18345.3 -10510.5 -7834.79
-18358.4 -10522.4 -7836.02
-18257.8 -10443 -7814.79
-18317.3 -10507.7 -7809.63
-18204.3 -10422.2 -7782.12
-18103.7 -10366.5 -7737.12
-18187.8 -10427 -7760.78
-18139.7 -10386.3 -7753.45
-18168.1 -10369 -7799.15
-18258 -10444.3 -7813.63
-18165.1 -10397 -7768.08
-18284.9 -10486.4 -7798.48
-18253.8 -10470.7 -7783.11
-18140.2 -10368.3 -7771.95
-18203 -10406.2 -7796.79
-18323.7 -10463.3 -7860.49
-18263 -10431.2 -7831.74
-18169.4 -10342.6 -7826.8
-18197.8 -10406.7 -7791.11
-18185 -10376.6 -7808.46
-18210.2 -10351.7 -7858.44
-18277.6 -10411.2 -7866.43
-18274.9 -10425.8 -7849.15
-18286.8 -10471.7 -7815.08
-18331.7 -10496.2 -7835.45
-18224.7 -10401.1 -7823.63
-18295.4 -10472.2 -7823.22
-18308.6 -10491.1 -7817.47
-18257.3 -10438.7 -7818.58
-18297.3 -10459.9 -7837.37
-18309.4 -10447.5 -7861.92
-18213.7 -10386.5 -7827.24
-18184 -10375.8 -7808.26
-18205.7 -10352 -7853.77
-18198.7 -10354.5 -7844.24
-18180.7 -10356.1 -7824.64
-18243.5 -10398.5 -7845.07
-18201.7 -10359.6 -7842.01
-18191.2 -10386.3 -7804.9
-18199.6 -10426.2 -7773.42
-18232.4 -10461.3 -7771.08
-18221.4 -10459.2 -7762.14
-18212.5 -10445.7 -7766.81
-18295.7 -10557.4 -7738.39
-18267.6 -10540.7 -7726.85
-18266.5 -10580.8 -7685.62
-18197.7 -10555.7 -7642.01
-18139 -10496.9 -7642.09
-18068.7 -10458.7 -7609.99
-18137.3 -10486.3 -7650.92
-18298.9 -10602.2 -7696.68
-18329.9 -10616.9 -7712.99
-18214 -10532.1 -7681.84
-18157.7 -10479.9 -7677.82
-18224.3 -10512.1 -7712.29
-18143.6 -10428.9 -7714.74
-18236.7 -10490.4 -7746.33
-18228.1 -10494.5 -7733.62
-18209.2 -10472.6 -7736.53
-18208.3 -10473.2 -7735.05
-18257.5 -10520.5 -7736.92
-18097.9 -10402.8 -7695.1
-18158.8 -10451.3 -7707.48
-18198.7 -10476.8 -7721.92
-18215.1 -10478.1 -7736.96
-18309.4 -10498.9 -7810.48
-18306.6 -10512.6 -7794.03
-18258.6 -10471.7 -7786.88
-18286.7 -10485.8 -7800.93
-18296.4 -10530.8 -7765.65
-18228.8 -10490.4 -7738.47
-18229.7 -10483.9 -7745.82
-18183.4 -10424.8 -7758.53
-18145.6 -10410.7 -7734.84
-18151 -10394.5 -7756.54
-18183.9 -10401.8 -7782.04
-18245.6 -10458 -7787.57
-18257.3 -10474.6 -7782.67
-18241.5 -10517.1 -7724.46
-18324.1 -10570.9 -7753.2
-18293.3 -10539.2 -7754.07
-18212.9 -10475.1 -7737.83
-18138.7 -10451.9 -7686.78
-18077.3 -10384.1 -7693.21
-18204.8 -10447.4 -7757.47
-18155.9 -10414.3 -7741.62
-18170.9 -10448.2 -7722.72
-18174.9 -10465.9 -7709.02
-18132.4 -10414.5 -7717.82
-18232.4 -10468.2 -7764.22
-18209.2 -10441 -7768.2
-18303.9 -10529 -7774.95
-18239.8 -10489.9 -7749.9
-18151.9 -10433.8 -7718.07
-18183.2 -10474.9 -7708.23
-18052.4 -10388.6 -7663.74
-18058.4 -10358.4 -7699.95
-18168.8 -10397.9 -7770.83
-18167.4 -10403.1 -7764.23
-18156.1 -10368 -7788.2
-18175.4 -10403.5 -7771.97
-18227.7 -10391.9 -7835.77
-18265.7 -10427.6 -7838.14
-18336.8 -10496 -7840.78
-18328.9 -10537.4 -7791.44
-18339.3 -10539.7 -7799.69
-18255.5 -10462.5 -7792.94
-18314.3 -10489.6 -7824.66
-18344.5 -10541.4 -7803.13
-18271.1 -10504.9 -7766.24
-18189.3 -10487.4 -7701.86
-18317.9 -10550.2 -7767.7
-18376.5 -10593.6 -7782.9
-18184.6 -10420.2 -7764.38
-18216.9 -10429.9 -7786.98
-18233.8 -10410.3 -7823.47
-18382.5 -10521.1 -7861.31
-18434.6 -10558.9 -7875.66
-18414.1 -10567.4 -7846.77
-18407.8 -10558.8 -7849.01
-18417.8 -10574.9 -7842.87
-18286.3 -10474.8 -7811.46
-18365.4 -10543.1 -7822.25
-18373.3 -10519.6 -7853.69
-18280.6 -10497.4 -7783.26
-18223.9 -10470.9 -7753
-18180.4 -10425.8 -7754.59
-18220.7 -10472.9 -7747.85
-18272.3 -10503.9 -7768.41
-18282.8 -10502.3 -7780.44
-18274 -10465.2 -7808.76
-18279.8 -10504.9 -7774.9
-18281.2 -10524.6 -7756.6
-18268 -10508.8 -7759.18
-18312.2 -10565.7 -7746.52
-18242.8 -10484 -7758.84
-18250.8 -10494.8 -7756.02
-18259.3 -10496.7 -7762.6
-18226.5 -10476.9 -7749.64
-18233.5 -10472.4 -7761.09
-18141.2 -10426.5 -7714.76
-18126.8 -10395.5 -7731.31
-18146.2 -10465.2 -7681.05
-18203.9 -10488.6 -7715.22
-18168 -10450.8 -7717.22
-18102.1 -10386.3 -7715.75
-18022.1 -10335.4 -7686.63
-17984.1 -10319.2 -7664.91
-18070.7 -10351.8 -7718.88
-18136.6 -10349.8 -7786.83
-18029.7 -10266.4 -7763.29
-18084 -10353.6 -7730.41
-18192.8 -10450.4 -7742.33
-18275.7 -10518.3 -7757.45
-18247 -10489.1 -7757.85
-18199.1 -10464.5 -7734.61
-18182.8 -10434.2 -7748.59
-18146 -10421.9 -7724.07
-18238.8 -10485.1 -7753.69
-18269.4 -10489.2 -7780.15
-18165.4 -10405.2 -7760.15
-18166.4 -10402.8 -7763.61
-18191.9 -10449.3 -7742.51
-18256.7 -10508.3 -7748.45
-18293.6 -10494.9 -7798.72
-18322.1 -10515.2 -7806.85
-18269.6 -10452.6 -7816.95
-18319.6 -10504.2 -7815.46
-18241.7 -10426.1 -7815.59
-18307.9 -10455.7 -7852.2
-18347.7 -10462.4 -7885.32
-18358 -10451.2 -7906.75
-18344.6 -10457.9 -7886.67
-18319.1 -10430.9 -7888.17
-18332.5 -10436.7 -7895.81
-18294.4 -10412.1 -7882.25
-18324 -10446.6 -7877.39
-18250.1 -10381.5 -7868.61
-18239.8 -10361 -7878.83
-18297.7 -10374.7 -7922.91
-18333.8 -10388.3 -7945.51
-18334.4 -10387.9 -7946.55
-18335.5 -10392.6 -7942.9
-18305.1 -10392.5 -7912.64
-18336.2 -10369.8 -7966.36
-18362.7 -10381.2 -7981.44
-18269.8 -10280.6 -7989.19
-18274.7 -10300.1 -7974.58
-18291.5 -10316.4 -7975.16
-18525.7 -10439.8 -8085.86
-18397.5 -10282.9 -8114.64
-18406.5 -10325 -8081.54
-18435.5 -10337.6 -8097.92
-18493.9 -10425.1 -8068.84
-18473.8 -10412.3 -8061.47
-18425.9 -10394.5 -8031.33
-18445.3 -10403.1 -8042.18
-18406.4 -10351.9 -8054.42
-18451.5 -10362 -8089.58
-18541.2 -10440.3 -8100.93
-18390.4 -10301.2 -8089.18
-18396.3 -10309.8 -8086.49
-18477.8 -10315.3 -8162.41
-18393.5 -10239.3 -8154.1
-18460.8 -10296.6 -8164.19
-18401.5 -10260.4 -8141.13
-18481.7 -10294.5 -8187.26
-18389.9 -10234.3 -8155.57
-18431 -10273.8 -8157.25
-18450.1 -10296.5 -8153.59
-18498.5 -10293.1 -8205.47
-18491.5 -10299.3 -8192.2
-18587.3 -10327.6 -8259.71
-18528.5 -10272.9 -8255.63
-18540.2 -10282.7 -8257.44
-18551.1 -10243.6 -8307.53
-18521.6 -10228.7 -8292.9
-18561.4 -10290.7 -8270.71
-18502.6 -10266.6 -8236
-18534.9 -10290.4 -8244.49
-18595.9 -10326.1 -8269.81
-18540.6 -10268.6 -8271.92
-18606.4 -10308.2 -8298.21
-18487.4 -10204.5 -8282.92
-18642.3 -10331.9 -8310.39
-18633.5 -10313.4 -8320.14
-18558.3 -10240.4 -8317.95
-18559.5 -10236.1 -8323.35
-18547 -10249.7 -8297.35
-18600.7 -10272.1 -8328.6
-18593.9 -10263.2 -8330.78
-18610.9 -10281 -8329.93
-18664.3 -10347.6 -8316.78
-18609.4 -10323.3 -8286.06
-18659.4 -10337.9 -8321.53
-18647.9 -10340.4 -8307.48
-18629.1 -10346.1 -8282.94
-18703.6 -10378.8 -8324.79
-18552.3 -10261.3 -8290.93
-18622.3 -10296.2 -8326.11
-18550 -10232.3 -8317.73
-18538.2 -10235.8 -8302.45
-18498.6 -10233.5 -8265.11
-18559.5 -10297.9 -8261.66
-18670.6 -10357.8 -8312.8
-18564 -10305.9 -8258.14
-18667.9 -10391.9 -8275.92
-18683.1 -10415.3 -8267.84
-18738.6 -10444.5 -8294.07
-18596.2 -10345.7 -8250.44
-18615.1 -10377.9 -8237.19
-18588.8 -10372.5 -8216.3
-18568.2 -10333.2 -8234.94
-18561.9 -10339.4 -8222.49
-18541.9 -10321.3 -8220.63
-18441.2 -10275.2 -8165.98
-18593 -10368.5 -8224.49
-18637.7 -10390 -8247.65
-18583.1 -10362.5 -8220.58
-18701.2 -10478.3 -8222.86
-18691.7 -10476.2 -8215.52
-18838 -10609.6 -8228.48
-18760 -10528.1 -8231.88
-18757.1 -10527.9 -8229.15
-18685.8 -10486.9 -8198.94
-18573.3 -10412.8 -8160.48
-18460.3 -10327.3 -8132.98
-18554.5 -10393.5 -8161.03
-18509.8 -10372.4 -8137.43
-18513.9 -10330.8 -8183.13
-18437.2 -10324.1 -8113.02
-18438.9 -10321.7 -8117.15
-18482 -10379.4 -8102.64
-18422.6 -10347.5 -8075.18
-18361.5 -10266.2 -8095.27
-18326.2 -10287.1 -8039.11
-18438.1 -10381.4 -8056.67
-18318.3 -10287.7 -8030.54
-18371.1 -10264.5 -8106.61
-18457.6 -10335.8 -8121.81
-18490.6 -10344.3 -8146.36
-18399.2 -10329.1 -8070.13
-18512.7 -10389.2 -8123.46
-18410.6 -10263.2 -8147.4
-18425.4 -10242.8 -8182.6
-18474 -10294.3 -8179.67
-18424.3 -10297 -8127.28
-18437.6 -10305.1 -8132.49
-18478.3 -10334.3 -8144.02
-18530.9 -10361.9 -8168.97
-18516.6 -10341.7 -8174.85
-18501.7 -10311.2 -8190.56
-18564.5 -10368.7 -8195.77
-18479.9 -10268.2 -8211.63
-18494.8 -10270.5 -8224.23
-18478.7 -10253.8 -8224.91
-18493.6 -10265.8 -8227.8
-18559.3 -10294 -8265.24
-18640.8 -10333.2 -8307.57
-18628.6 -10343.1 -8285.52
-18718.7 -10426.1 -8292.57
-18767.5 -10451 -8316.57
-18712.1 -10411.9 -8300.27
-18689.9 -10372.9 -8316.96
-18723.8 -10405.3 -8318.57
-18666.6 -10367.1 -8299.49
-18720.4 -10397.1 -8323.26
-18671.8 -10396.9 -8274.91
-18639.2 -10371.4 -8267.82
-18694.1 -10474.8 -8219.22
-18734.6 -10494.4 -8240.17
-18665.9 -10418.6 -8247.34
-18665.3 -10413.1 -8252.16
-18724.7 -10407.7 -8317
-18655.9 -10394.2 -8261.61
-18670 -10341.4 -8328.56
-18671.4 -10418.6 -8252.84
-18662.7 -10425.8 -8236.91
-18539.8 -10350.6 -8189.25
-18438.9 -10286.2 -8152.78
-18524.7 -10312.8 -8211.95
-18684.1 -10441.2 -8242.81
-18536.6 -10357.6 -8178.97
-18617.9 -10398.9 -8219
-18790.2 -10538 -8252.15
-18678 -10437.4 -8240.64
-18668 -10443.8 -8224.17
-18626.9 -10418.5 -8208.41
-18495 -10295.8 -8199.22
-18574.2 -10390.6 -8183.66
-18674.5 -10434.2 -8240.32
-18632 -10412.6 -8219.42
-18469.3 -10309.4 -8159.91
-18364.1 -10228.2 -8135.98
-18516.4 -10328.7 -8187.68
-18480.9 -10323.6 -8157.33
-18512.1 -10343.3 -8168.76
-18559.7 -10379.8 -8179.92
-18560.4 -10366.2 -8194.2
-18540.4 -10340.8 -8199.56
-18551.7 -10366.7 -8184.99
-18605 -10369.3 -8235.66
-18654.5 -10406.1 -8248.4
-18543.3 -10331.6 -8211.68
-18606.2 -10361.1 -8245.1
-18590.9 -10388.2 -8202.72
-18614.7 -10411.2 -8203.49
-18547.9 -10383.3 -8164.59
-18389.1 -10256.3 -8132.78
-18615.5 -10440.6 -8174.86
-18674.9 -10481.7 -8193.27
-18640.5 -10445 -8195.53
-18613 -10400.5 -8212.54
-18625.9 -10417.3 -8208.54
-18661.9 -10439.1 -8222.84
-18659.4 -10440.9 -8218.54
-18606.2 -10381.6 -8224.56
-18598.5 -10376 -8222.46
-18585.1 -10359.1 -8226.05
-18474.7 -10264.2 -8210.52
-18397 -10217.5 -8179.5
-18422.6 -10235.2 -8187.41
-18408.6 -10178.7 -8229.85
-18534 -10271.7 -8262.31
-18555.6 -10308.9 -8246.72
-18544.8 -10327.7 -8217.18
-18535.8 -10326.2 -8209.67
-18634.7 -10351.3 -8283.35
-18663.5 -10387.3 -8276.15
-18714.7 -10421.6 -8293.08
-18591.6 -10298.5 -8293.09
-18539 -10295.7 -8243.24
-18618.6 -10332 -8286.62
-18523.5 -10244.5 -8278.95
-18631.5 -10313.9 -8317.59
-18710.9 -10404.8 -8306.1
-18638.8 -10387.7 -8251.13
-18640.4 -10352.4 -8287.97
-18644.1 -10365.9 -8278.21
-18649.2 -10356.8 -8292.41
-18682.2 -10380.4 -8301.82
-18685.3 -10414.6 -8270.73
-18642.5 -10443 -8199.49
-18570.7 -10389.9 -8180.84
-18587.7 -10388.4 -8199.3
-18590.1 -10367.1 -8222.98
-18613.8 -10410.7 -8203.11
-18697.9 -10426.3 -8271.54
-18690.8 -10467.4 -8223.38
-18721.2 -10468.5 -8252.7
-18584.4 -10384.8 -8199.62
-18581.6 -10338.1 -8243.51
-18569.2 -10295.2 -8274.06
-18580.4 -10280.6 -8299.84
-18583.9 -10289.3 -8294.65
-18603.2 -10274.7 -8328.57
-18627.8 -10309.8 -8318.02
-18680.4 -10345.3 -8335.05
-18629.9 -10347.7 -8282.25
-18603 -10352.3 -8250.65
-18523.2 -10304.3 -8218.95
-18501.5 -10311.5 -8189.94
-18421.6 -10181 -8240.61
-18611.2 -10281.4 -8329.78
-18482.9 -10161 -8321.9
-18586.2 -10236.5 -8349.62
-18528.3 -10189.2 -8339.13
-18519.8 -10255.2 -8264.55
-18536.8 -10266.7 -8270.03
-18542.2 -10248.6 -8293.6
-18513.3 -10209.1 -8304.19
-18598.6 -10294.6 -8303.98
-18514.6 -10238 -8276.56
-18577.5 -10259.3 -8318.15
-18558.1 -10254.8 -8303.28
-18598.1 -10288 -8310.1
-18628.6 -10344.6 -8284.06
-18591.1 -10329.1 -8262
-18597.8 -10329.3 -8268.58
-18680.7 -10368.5 -8312.16
-18668.9 -10319.8 -8349.12
-18781 -10426.4 -8354.6
-18769.3 -10431 -8338.25
-18673.2 -10319.2 -8354.04
-18677.5 -10321.8 -8355.66
-18639.5 -10317.4 -8322.11
-18759.2 -10421.5 -8337.67
-18563.4 -10282.3 -8281.09
-18526.6 -10281 -8245.57
-18513.1 -10274.4 -8238.72
-18565.8 -10322.7 -8243.09
-18541.3 -10340.7 -8200.53
-18594.2 -10385.3 -8208.85
-18524.4 -10321.1 -8203.36
-18589.7 -10348.2 -8241.51
-18557.7 -10297.3 -8260.45
-18643.9 -10355.9 -8287.95
-18615.2 -10301.7 -8313.46
-18656.2 -10339.1 -8317.16
-18661.9 -10322.9 -8338.94
-18642 -10311 -8330.91
-18599 -10234.7 -8364.26
-18597.5 -10243.8 -8353.75
-18627.4 -10259.2 -8368.23
-18589 -10208.8 -8380.24
-18537.5 -10163.6 -8373.89
-18551.1 -10225 -8326.12
-18466.3 -10151.6 -8314.63
-18610.3 -10306 -8304.33
-18549.9 -10244.3 -8305.54
-18638.5 -10337 -8301.51
-18600.2 -10307.3 -8292.86
-18607.6 -10335.1 -8272.5
-18684.7 -10413.2 -8271.56
-18608.7 -10371.6 -8237.12
-18574.5 -10327.6 -8246.91
-18607.1 -10342.6 -8264.49
-18568.9 -10289 -8279.93
-18618.6 -10370 -8248.62
-18673 -10416.2 -8256.84
-18612.2 -10396.3 -8215.88
-18620 -10388.6 -8231.36
-18709.9 -10491.6 -8218.31
-18723.6 -10491.5 -8232.11
-18530.8 -10371.8 -8158.94
-18471.6 -10345.4 -8126.17
-18496.3 -10331.9 -8164.39
-18396.2 -10257.5 -8138.66
-18483.2 -10330.2 -8153.01
-18521.4 -10339.3 -8182.05
-18664.2 -10483.3 -8180.83
-18641.8 -10464.3 -8177.47
-18751.5 -10545.9 -8205.56
-18585.7 -10420.4 -8165.27
-18571 -10437.9 -8133.14
-18560.2 -10408.3 -8151.9
-18549.3 -10397.8 -8151.52
-18557 -10412.5 -8144.56
-18610.1 -10474.4 -8135.7
-18639.5 -10551.9 -8087.63
-18628.2 -10541.6 -8086.59
-18594.2 -10534.5 -8059.72
-18565.7 -10489.7 -8076.06
-18531.1 -10461.5 -8069.54
-18520.8 -10457.5 -8063.31
-18390.3 -10354.7 -8035.65
-18459.4 -10430.1 -8029.37
-18398.8 -10359.2 -8039.62
-18252.1 -10232.2 -8019.91
-18375.3 -10343.4 -8031.85
-18436.3 -10400.3 -8036.02
-18455 -10396.1 -8058.9
-18399.2 -10383.1 -8016.09
-18497.4 -10444.2 -8053.18
-18585 -10515.9 -8069.09
-18454.5 -10393 -8061.48
-18466.4 -10420.2 -8046.2
-18503.9 -10464.3 -8039.57
-18472.5 -10394.7 -8077.83
-18479.5 -10410.3 -8069.14
-18507.3 -10409.3 -8097.95
-18606.1 -10506 -8100.15
-18590 -10487.9 -8102.04
-18517.1 -10413.6 -8103.49
-18566.9 -10453.4 -8113.52
-18540.9 -10424.9 -8116.09
-18391.2 -10311.4 -8079.79
-18407.5 -10374.2 -8033.3
-18432.8 -10374.6 -8058.2
-18417.7 -10382 -8035.68
-18510.2 -10379.3 -8130.9
-18483.1 -10397.9 -8085.21
-18605.2 -10481.8 -8123.46
-18581.4 -10497.7 -8083.71
-18702.3 -10602.9 -8099.38
-18776 -10618 -8157.95
-18685.8 -10548.1 -8137.72
-18640.5 -10469.6 -8170.87
-18676.4 -10521 -8155.37
-18650.8 -10514.3 -8136.5
-18675.1 -10514.2 -8160.87
-18608.8 -10494.9 -8113.92
-18548 -10438.3 -8109.69
-18496.2 -10398.3 -8097.83
-18545.2 -10442.8 -8102.39
-18521 -10403.9 -8117.08
-18460.3 -10380.3 -8080.04
-18514.2 -10430.4 -8083.74
-18469.5 -10372.5 -8097.08
-18424.7 -10358.7 -8065.93
-18514.2 -10447.7 -8066.44
-18515.9 -10422.4 -8093.46
-18573.6 -10425.5 -8148.06
-18401.3 -10344.8 -8056.49
-18428.2 -10355.2 -8073.03
-18569.2 -10488.9 -8080.29
-18486.6 -10413.4 -8073.15
-18441.9 -10377.3 -8064.51
-18508.4 -10429.4 -8079
-18466.3 -10405.7 -8060.54
-18432.2 -10471.9 -7960.24
-18438.5 -10477.6 -7960.83
-18447.9 -10496.5 -7951.39
-18429.6 -10495.6 -7934.03
-18335.7 -10425.2 -7910.5
-18332.5 -10431.3 -7901.17
-18296 -10410.8 -7885.26
-18274.1 -10415.1 -7858.95
-18290.6 -10425.1 -7865.41
-18205.7 -10351.6 -7854.11
-18241.2 -10390.3 -7850.93
-18269.7 -10413 -7856.76
-18316.3 -10383.2 -7933.14
-18359.3 -10416.6 -7942.75
-18348.4 -10392.6 -7955.73
-18327.3 -10396.9 -7930.35
-18295.4 -10359.3 -7936.12
-18240 -10339.2 -7900.74
-18303.3 -10374.1 -7929.17
-18363.2 -10417.2 -7946
-18376.7 -10429.1 -7947.6
-18395.8 -10448.7 -7947.07
-18457.1 -10477.1 -7980.01
-18331.4 -10406.7 -7924.69
-18390 -10498.2 -7891.79
-18283.2 -10394 -7889.21
-18277.8 -10415.6 -7862.13
-18267 -10423.5 -7843.45
-18368 -10460.9 -7907.15
-18180.6 -10340.7 -7839.88
-18196.9 -10352.2 -7844.64
-18245 -10377.4 -7867.64
-18267.8 -10369 -7898.71
-18333.7 -10422.3 -7911.38
-18286.8 -10405.6 -7881.16
-18294.6 -10451.9 -7842.68
-18317.5 -10495.2 -7822.29
-18203.6 -10388.2 -7815.4
-18288 -10474.5 -7813.57
-18214.9 -10416.5 -7798.31
-18284.2 -10472.8 -7811.47
-18294.4 -10489.4 -7804.98
-18243.1 -10404.3 -7838.72
-18245 -10396.5 -7848.52
-18193.5 -10357.9 -7835.64
-18284.7 -10380.3 -7904.4
-18305.1 -10372.8 -7932.28
-18291 -10420.1 -7870.9
-18266.6 -10382.2 -7884.37
-18259.8 -10393.9 -7865.89
-18267.9 -10415.3 -7852.62
-18287 -10464.3 -7822.72
-18277.1 -10492.6 -7784.54
-18237.1 -10431.4 -7805.71
-18197.9 -10427.3 -7770.59
-18218.6 -10446.6 -7772
-18208 -10439.5 -7768.46
-18223 -10446.8 -7776.25
-18323.3 -10524.2 -7799.05
-18279.7 -10477.5 -7802.24
-18297.9 -10497.3 -7800.6
-18187.7 -10432.8 -7754.94
-18204.1 -10455.5 -7748.59
-18196.3 -10427.1 -7769.25
-18086.4 -10329 -7757.38
-18105.9 -10353.8 -7752.15
-18150.6 -10391.6 -7759.01
-18248.7 -10432 -7816.68
-18261.5 -10471.9 -7789.6
-18218.8 -10445.7 -7773.04
-18231.1 -10436.3 -7794.8
-18209.4 -10425.9 -7783.52
-18344.1 -10531.2 -7812.85
-18383.1 -10572.6 -7810.51
-18237.3 -10453.5 -7783.9
-18250 -10467.1 -7782.9
-18299.8 -10519.5 -7780.29
-18289.3 -10482.3 -7807.01
-18197.5 -10420.8 -7776.74
-18281.8 -10443.8 -7837.99
-18348.4 -10461.5 -7886.91
-18291.1 -10412.4 -7878.76
-18269.7 -10345.3 -7924.36
-18250.9 -10334 -7916.88
-18175.1 -10225.5 -7949.6
-18197.2 -10276.6 -7920.57
-18096.6 -10219.9 -7876.73
-18251.8 -10347.9 -7903.95
-18272.1 -10335.1 -7937
-18318 -10378.9 -7939.09
-18233.9 -10301.2 -7932.68
-18276.4 -10309.4 -7967
-18304 -10337.7 -7966.31
-18420.6 -10389.1 -8031.46
-18460.8 -10452.1 -8008.71
-18544.8 -10512.8 -8031.94
-18536.4 -10499.4 -8036.97
-18434.1 -10440.2 -7993.91
-18281.4 -10360.4 -7920.92
-18303.9 -10389.1 -7914.79
-18319.8 -10418.6 -7901.23
-18255.1 -10379.1 -7875.97
-18268.4 -10402 -7866.45
-18336.8 -10481.8 -7854.94
-18331.5 -10481.3 -7850.18
-18348 -10509.2 -7838.78
-18274.6 -10414 -7860.65
-18387.5 -10484 -7903.57
-18387.7 -10482.1 -7905.65
-18324 -10500.2 -7823.82
-18302.4 -10546.9 -7755.5
-18282.5 -10521 -7761.54
-18337.1 -10550.9 -7786.19
-18424.7 -10622.5 -7802.19
-18268.9 -10488.3 -7780.63
-18244.8 -10509.3 -7735.47
-18154.1 -10457.5 -7696.68
-18076.2 -10420 -7656.23
-18167.3 -10449.9 -7717.35
-18142.4 -10420 -7722.4
-18188.4 -10525.4 -7663
-18143.3 -10504.4 -7638.96
-18187.3 -10518.6 -7668.62
-18185.1 -10503.9 -7681.26
-18143.8 -10455.1 -7688.71
-18088.5 -10449.4 -7639.05
-18068.4 -10427.6 -7640.77
-18046.4 -10446.1 -7600.22
-18086.4 -10514.7 -7571.67
-17994.5 -10476.2 -7518.36
-18053.8 -10514.1 -7539.74
-18099.9 -10574.6 -7525.37
-18174.5 -10596.1 -7578.45
-18136.1 -10530.5 -7605.66
-18106.2 -10510.1 -7596.17
-18183.7 -10616.4 -7567.37
-18266.3 -10763.7 -7502.64
-18194.2 -10686.7 -7507.55
-18267.9 -10731.8 -7536.17
-18223.9 -10693.1 -7530.79
-18224.5 -10674.2 -7550.29
-18114 -10631 -7482.98
-18044.8 -10567.8 -7477.05
-18096 -10570.6 -7525.39
-18117.8 -10622 -7495.79
-18038.1 -10576 -7462.14
-18092.7 -10587 -7505.76
-18085.1 -10598.7 -7486.46
-18216.8 -10716.3 -7500.43
-18149 -10679.7 -7469.33
-18115.6 -10683.7 -7431.93
-18004.7 -10597.6 -7407.1
-17867 -10530.5 -7336.59
-17846.9 -10519 -7327.93
-17924 -10581.6 -7342.45
-17917 -10558.9 -7358.17
-17938.9 -10575.5 -7363.43
-17968.9 -10591.7 -7377.19
-17979.1 -10591.6 -7387.52
-17900.9 -10510.4 -7390.54
-17960.3 -10582 -7378.3
-18060.1 -10608.4 -7451.65
-18054.9 -10605.2 -7449.72
-18115.1 -10651 -7464.1
-18009.3 -10576.3 -7432.92
-17899.6 -10536.6 -7362.93
-17919.9 -10501.6 -7418.27
-17990 -10547.4 -7442.53
-18009.2 -10531.6 -7477.58
-18057.8 -10547.4 -7510.4
-18094.3 -10577.4 -7516.93
-18226.7 -10623.3 -7603.48
-18207.7 -10622.7 -7584.99
-18093.2 -10526.1 -7567.06
-18102.1 -10557.4 -7544.66
-18126.6 -10574.8 -7551.84
-18104.5 -10579.2 -7525.23
-18273.4 -10671.6 -7601.85
-18273.3 -10660.7 -7612.53
-18098.2 -10498.6 -7599.62
-18112.6 -10480.4 -7632.29
-18121.9 -10502.7 -7619.23
-18178.9 -10561.6 -7617.28
-18137.8 -10495.4 -7642.38
-18234.1 -10584.4 -7649.75
-18135 -10488.1 -7646.95
-18154.4 -10504.8 -7649.69
-18269.8 -10572.4 -7697.31
-18257.7 -10555.8 -7701.95
-18178.3 -10517 -7661.34
-18167.1 -10510.7 -7656.4
-18133.1 -10536.5 -7596.66
-18244 -10603.6 -7640.35
-18257.3 -10592.8 -7664.5
-18216.6 -10530.4 -7686.14
-18193.5 -10474.4 -7719.12
-18260.3 -10499.9 -7760.43
-18347 -10595.3 -7751.72
-18342.2 -10543.9 -7798.36
-18375 -10541.4 -7833.6
-18394.6 -10528.9 -7865.66
-18357.9 -10483.8 -7874.1
-18240.9 -10384.9 -7855.99
-18241.1 -10397.1 -7844
-18403 -10501.2 -7901.79
-18388.6 -10496.7 -7891.91
-18431.6 -10548.9 -7882.71
-18499.1 -10586 -7913.1
-18446.1 -10559.3 -7886.71
-18432.4 -10544.2 -7888.18
-18396.3 -10550.8 -7845.47
-18307.2 -10467 -7840.14
-18320.1 -10512.5 -7807.61
-18358 -10541.8 -7816.17
-18122.4 -10395.3 -7727.13
-18088.5 -10430.1 -7658.45
-18009.9 -10375.9 -7633.94
-18007.7 -10351.7 -7655.92
-18110.6 -10427.2 -7683.4
-18152.5 -10483.7 -7668.81
-18178.2 -10497.3 -7680.94
-18095.2 -10419.4 -7675.79
-18161.8 -10490.5 -7671.33
-18365.9 -10757.5 -7608.36
-18219.5 -10627 -7592.47
-18227.1 -10624 -7603.17
-18110.7 -10559.8 -7550.89
-18078.6 -10482.3 -7596.27
-18033.3 -10453.6 -7579.76
-18067 -10464.9 -7602.04
-18121.9 -10464.4 -7657.49
-18134 -10481.2 -7652.84
-18096.5 -10402.5 -7693.93
-18108 -10423.7 -7684.25
-18079.8 -10429.2 -7650.6
-18233.5 -10553.3 -7680.17
-18197.9 -10518.2 -7679.76
-18084.4 -10419 -7665.48
-18133.2 -10411.5 -7721.74
-18132.7 -10428.7 -7704.07
-18139.9 -10439 -7700.87
-18064.3 -10378.5 -7685.74
-18013.8 -10347.5 -7666.3
-18092.2 -10422.3 -7669.91
-18167.9 -10487.2 -7680.75
-18199.2 -10477 -7722.19
-18224.7 -10476 -7748.67
-18276.5 -10503.2 -7773.33
-18278.8 -10500.6 -7778.17
-18316.8 -10508.5 -7808.38
-18365.5 -10545.5 -7820.02
-18320.5 -10474 -7846.46
-18384.3 -10495.8 -7888.46
-18271 -10448.4 -7822.61
-18242.4 -10395.1 -7847.34
